dataset,source,target,n,delta,workload,amortized_mean_ndc,vs_fixed_fraction
arxiv_nomic_100k,43_cluster_block_order,43_natural_source_order,32,0.05,1000,1305.9609357798165,1.1247657230709525
arxiv_nomic_100k,43_cluster_block_order,43_natural_source_order,32,0.05,10000,680.0667357798166,0.10645154077512675
arxiv_nomic_100k,43_cluster_block_order,43_natural_source_order,32,0.05,100000,617.4773157798165,0.004620122545544003
arxiv_nomic_100k,43_cluster_block_order,43_natural_source_order,32,0.05,1000000,611.2183737798165,-0.005563019277414316
arxiv_nomic_100k,43_cluster_block_order,43_natural_source_order,32,0.05,10000000,610.5924795798165,-0.006581333459710015
arxiv_nomic_100k,43_cluster_block_order,43_natural_source_order,64,0.05,1000,1957.0143978494625,2.185367432661848
arxiv_nomic_100k,43_cluster_block_order,43_natural_source_order,64,0.05,10000,742.5336978494624,0.20859747449113542
arxiv_nomic_100k,43_cluster_block_order,43_natural_source_order,64,0.05,100000,621.0856278494624,0.010920478674064205
arxiv_nomic_100k,43_cluster_block_order,43_natural_source_order,64,0.05,1000000,608.9408208494624,-0.008847220907643005
arxiv_nomic_100k,43_cluster_block_order,43_natural_source_order,64,0.05,10000000,607.7263401494624,-0.010823990865813649
arxiv_nomic_100k,43_cluster_block_order,43_natural_source_order,128,0.05,1000,3313.76968852459,4.358249198144466
arxiv_nomic_100k,43_cluster_block_order,43_natural_source_order,128,0.05,10000,932.8277885245902,0.5083497707090789
arxiv_nomic_100k,43_cluster_block_order,43_natural_source_order,128,0.05,100000,694.7335985245902,0.12335982796554013
arxiv_nomic_100k,43_cluster_block_order,43_natural_source_order,128,0.05,1000000,670.9241795245902,0.08486083369118624
arxiv_nomic_100k,43_cluster_block_order,43_natural_source_order,128,0.05,10000000,668.5432376245901,0.08101093426375083
arxiv_nomic_100k,43_cluster_block_order,43_natural_source_order,128,0.01,1000,3648.581163934426,4.899627594433399
arxiv_nomic_100k,43_cluster_block_order,43_natural_source_order,128,0.01,10000,1267.6392639344263,1.0497281669980119
arxiv_nomic_100k,43_cluster_block_order,43_natural_source_order,128,0.01,100000,1029.5450739344262,0.6647382242544733
arxiv_nomic_100k,43_cluster_block_order,43_natural_source_order,128,0.01,1000000,1005.7356549344262,0.6262392299801192
arxiv_nomic_100k,43_cluster_block_order,43_natural_source_order,128,0.01,10000000,1003.3547130344261,0.6223893305526838
arxiv_nomic_100k,43_cluster_block_order,59_cluster_block_order,32,0.05,1000,1493.5343302752294,1.4029882061198284
arxiv_nomic_100k,43_cluster_block_order,59_cluster_block_order,32,0.05,10000,865.8401302752293,0.3930738512406453
arxiv_nomic_100k,43_cluster_block_order,59_cluster_block_order,32,0.05,100000,803.0707102752293,0.2920824157527271
arxiv_nomic_100k,43_cluster_block_order,59_cluster_block_order,32,0.05,1000000,796.7937682752294,0.28198327220393526
arxiv_nomic_100k,43_cluster_block_order,59_cluster_block_order,32,0.05,10000000,796.1660740752293,0.28097335784905586
arxiv_nomic_100k,43_cluster_block_order,59_cluster_block_order,64,0.05,1000,1978.834,2.1934677367576247
arxiv_nomic_100k,43_cluster_block_order,59_cluster_block_order,64,0.05,10000,754.0834,0.21694948071667164
arxiv_nomic_100k,43_cluster_block_order,59_cluster_block_order,64,0.05,100000,631.60834,0.01929765511257653
arxiv_nomic_100k,43_cluster_block_order,59_cluster_block_order,64,0.05,1000000,619.360834,-0.00046752744783307154
arxiv_nomic_100k,43_cluster_block_order,59_cluster_block_order,64,0.05,10000000,618.1360834,-0.0024440457038740204
arxiv_nomic_100k,43_cluster_block_order,59_cluster_block_order,128,0.05,1000,3259.3819344262292,4.257762739653576
arxiv_nomic_100k,43_cluster_block_order,59_cluster_block_order,128,0.05,10000,853.9357344262295,0.3774978130371547
arxiv_nomic_100k,43_cluster_block_order,59_cluster_block_order,128,0.05,100000,613.3911144262295,-0.010528679624487558
arxiv_nomic_100k,43_cluster_block_order,59_cluster_block_order,128,0.05,1000000,589.3366524262295,-0.04933132889065173
arxiv_nomic_100k,43_cluster_block_order,59_cluster_block_order,128,0.05,10000000,586.9312062262295,-0.053211593817268255
arxiv_nomic_100k,43_cluster_block_order,59_cluster_block_order,128,0.01,1000,3479.5376721311472,4.612899590109745
arxiv_nomic_100k,43_cluster_block_order,59_cluster_block_order,128,0.01,10000,1074.0914721311474,0.7326346634933227
arxiv_nomic_100k,43_cluster_block_order,59_cluster_block_order,128,0.01,100000,833.5468521311475,0.3446081708316806
arxiv_nomic_100k,43_cluster_block_order,59_cluster_block_order,128,0.01,1000000,809.4923901311475,0.30580552156551644
arxiv_nomic_100k,43_cluster_block_order,59_cluster_block_order,128,0.01,10000000,807.0869439311475,0.3019252566388999
arxiv_nomic_100k,43_cluster_block_order,59_natural_source_order,32,0.05,1000,1303.9844495412844,1.111668647580561
arxiv_nomic_100k,43_cluster_block_order,59_natural_source_order,32,0.05,10000,680.6039495412844,0.10216806816324708
arxiv_nomic_100k,43_cluster_block_order,59_natural_source_order,32,0.05,100000,618.2658995412844,0.0012180102215155753
arxiv_nomic_100k,43_cluster_block_order,59_natural_source_order,32,0.05,1000000,612.0320945412843,-0.008876995572657642
arxiv_nomic_100k,43_cluster_block_order,59_natural_source_order,32,0.05,10000000,611.4087140412844,-0.00988649615207482
arxiv_nomic_100k,43_cluster_block_order,59_natural_source_order,64,0.05,1000,1955.7292258064517,2.1764098811571677
arxiv_nomic_100k,43_cluster_block_order,59_natural_source_order,64,0.05,10000,742.6858258064516,0.20623783934824158
arxiv_nomic_100k,43_cluster_block_order,59_natural_source_order,64,0.05,100000,621.3814858064516,0.009220635167349167
arxiv_nomic_100k,43_cluster_block_order,59_natural_source_order,64,0.05,1000000,609.2510518064516,-0.010481085250740096
arxiv_nomic_100k,43_cluster_block_order,59_natural_source_order,64,0.05,10000000,608.0380084064516,-0.012451257292549034
arxiv_nomic_100k,43_cluster_block_order,59_natural_source_order,128,0.05,1000,3312.356672131147,4.359302865933715
arxiv_nomic_100k,43_cluster_block_order,59_natural_source_order,128,0.05,10000,930.9233721311475,0.5062086574804716
arxiv_nomic_100k,43_cluster_block_order,59_natural_source_order,128,0.05,100000,692.7800421311475,0.12089923663514712
arxiv_nomic_100k,43_cluster_block_order,59_natural_source_order,128,0.05,1000000,668.9657091311475,0.08236829455061456
arxiv_nomic_100k,43_cluster_block_order,59_natural_source_order,128,0.05,10000000,666.5842758311475,0.07851520034216142
arxiv_nomic_100k,43_cluster_block_order,59_natural_source_order,128,0.01,1000,3647.225524590164,4.901111547285916
arxiv_nomic_100k,43_cluster_block_order,59_natural_source_order,128,0.01,10000,1265.792224590164,1.0480173388326728
arxiv_nomic_100k,43_cluster_block_order,59_natural_source_order,128,0.01,100000,1027.648894590164,0.6627079179873481
arxiv_nomic_100k,43_cluster_block_order,59_natural_source_order,128,0.01,1000000,1003.834561590164,0.6241769759028155
arxiv_nomic_100k,43_cluster_block_order,59_natural_source_order,128,0.01,10000000,1001.4531282901639,0.6203238816943624
arxiv_nomic_100k,43_cluster_block_order,71_cluster_block_order,32,0.05,1000,1513.486357798165,1.3931935792726269
arxiv_nomic_100k,43_cluster_block_order,71_cluster_block_order,32,0.05,10000,877.4050577981651,0.3873928495785761
arxiv_nomic_100k,43_cluster_block_order,71_cluster_block_order,32,0.05,100000,813.7969277981651,0.28681277660917126
arxiv_nomic_100k,43_cluster_block_order,71_cluster_block_order,32,0.05,1000000,807.4361147981651,0.27675476931223075
arxiv_nomic_100k,43_cluster_block_order,71_cluster_block_order,32,0.05,10000000,806.8000334981651,0.2757489685825367
arxiv_nomic_100k,43_cluster_block_order,71_cluster_block_order,64,0.05,1000,1960.2816021505378,2.1168512664449786
arxiv_nomic_100k,43_cluster_block_order,71_cluster_block_order,64,0.05,10000,720.6459021505376,0.14582827809644305
arxiv_nomic_100k,43_cluster_block_order,71_cluster_block_order,64,0.05,100000,596.6823321505376,-0.051274020738410475
arxiv_nomic_100k,43_cluster_block_order,71_cluster_block_order,64,0.05,1000000,584.2859751505376,-0.07098425062189584
arxiv_nomic_100k,43_cluster_block_order,71_cluster_block_order,64,0.05,10000000,583.0463394505376,-0.07295527361024434
arxiv_nomic_100k,43_cluster_block_order,71_cluster_block_order,128,0.05,1000,3290.286819672131,4.209933963243692
arxiv_nomic_100k,43_cluster_block_order,71_cluster_block_order,128,0.05,10000,865.3844196721311,0.3702743640328108
arxiv_nomic_100k,43_cluster_block_order,71_cluster_block_order,128,0.05,100000,622.8941796721311,-0.013691595888277397
arxiv_nomic_100k,43_cluster_block_order,71_cluster_block_order,128,0.05,1000000,598.6451556721312,-0.05208819188038616
arxiv_nomic_100k,43_cluster_block_order,71_cluster_block_order,128,0.05,10000000,596.2202532721311,-0.05592785147959711
arxiv_nomic_100k,43_cluster_block_order,71_cluster_block_order,128,0.01,1000,3721.655672131147,4.8929757034575845
arxiv_nomic_100k,43_cluster_block_order,71_cluster_block_order,128,0.01,10000,1296.7532721311477,1.0533161042467039
arxiv_nomic_100k,43_cluster_block_order,71_cluster_block_order,128,0.01,100000,1054.2630321311476,0.6693501443256153
arxiv_nomic_100k,43_cluster_block_order,71_cluster_block_order,128,0.01,1000000,1030.0140081311476,0.6309535483335067
arxiv_nomic_100k,43_cluster_block_order,71_cluster_block_order,128,0.01,10000000,1027.5891057311476,0.6271138887342957
arxiv_nomic_100k,43_cluster_block_order,71_natural_source_order,32,0.05,1000,1308.9683486238532,1.119802546540479
arxiv_nomic_100k,43_cluster_block_order,71_natural_source_order,32,0.05,10000,682.1633486238532,0.10472618004070888
arxiv_nomic_100k,43_cluster_block_order,71_natural_source_order,32,0.05,100000,619.4828486238532,0.0032185433907321315
arxiv_nomic_100k,43_cluster_block_order,71_natural_source_order,32,0.05,1000000,613.2147986238532,-0.006932220274265655
arxiv_nomic_100k,43_cluster_block_order,71_natural_source_order,32,0.05,10000000,612.5879936238532,-0.007947296640765322
arxiv_nomic_100k,43_cluster_block_order,71_natural_source_order,64,0.05,1000,1962.015494623656,2.1853402986898494
arxiv_nomic_100k,43_cluster_block_order,71_natural_source_order,64,0.05,10000,744.2821946236559,0.20834523204762267
arxiv_nomic_100k,43_cluster_block_order,71_natural_source_order,64,0.05,100000,622.5088646236559,0.010645725383400029
arxiv_nomic_100k,43_cluster_block_order,71_natural_source_order,64,0.05,1000000,610.3315316236559,-0.009124225283022258
arxiv_nomic_100k,43_cluster_block_order,71_natural_source_order,64,0.05,10000000,609.1137983236559,-0.011101220349664431
arxiv_nomic_100k,43_cluster_block_order,71_natural_source_order,128,0.05,1000,3320.626786885246,4.371543881515268
arxiv_nomic_100k,43_cluster_block_order,71_natural_source_order,128,0.05,10000,932.3921868852458,0.5082651162173986
arxiv_nomic_100k,43_cluster_block_order,71_natural_source_order,128,0.05,100000,693.5687268852458,0.12193723968761172
arxiv_nomic_100k,43_cluster_block_order,71_natural_source_order,128,0.05,1000000,669.6863808852459,0.0833044520346331
arxiv_nomic_100k,43_cluster_block_order,71_natural_source_order,128,0.05,10000000,667.2981462852458,0.0794411732693352
arxiv_nomic_100k,43_cluster_block_order,71_natural_source_order,128,0.01,1000,3657.561213114754,4.916578952253411
arxiv_nomic_100k,43_cluster_block_order,71_natural_source_order,128,0.01,10000,1269.326613114754,1.0533001869555414
arxiv_nomic_100k,43_cluster_block_order,71_natural_source_order,128,0.01,100000,1030.5031531147542,0.666972310425755
arxiv_nomic_100k,43_cluster_block_order,71_natural_source_order,128,0.01,1000000,1006.6208071147541,0.6283395227727759
arxiv_nomic_100k,43_cluster_block_order,71_natural_source_order,128,0.01,10000000,1004.2325725147541,0.624476244007478
arxiv_nomic_100k,43_natural_source_order,43_cluster_block_order,32,0.05,1000,1717.4442752293578,1.7625498199634024
arxiv_nomic_100k,43_natural_source_order,43_cluster_block_order,32,0.05,10000,1086.8916752293578,0.7482910188300573
arxiv_nomic_100k,43_natural_source_order,43_cluster_block_order,32,0.05,100000,1023.8364152293577,0.6468651387167226
arxiv_nomic_100k,43_natural_source_order,43_cluster_block_order,32,0.05,1000000,1017.5308892293577,0.6367225507053893
arxiv_nomic_100k,43_natural_source_order,43_cluster_block_order,32,0.05,10000000,1016.9003366293578,0.6357082919042558
arxiv_nomic_100k,43_natural_source_order,43_cluster_block_order,64,0.05,1000,2172.7193978494624,2.5097426526783857
arxiv_nomic_100k,43_natural_source_order,43_cluster_block_order,64,0.05,10000,943.2041978494624,0.5236224275689574
arxiv_nomic_100k,43_natural_source_order,43_cluster_block_order,64,0.05,100000,820.2526778494624,0.3250104050580145
arxiv_nomic_100k,43_natural_source_order,43_cluster_block_order,64,0.05,1000000,807.9575258494624,0.30514920280692026
arxiv_nomic_100k,43_natural_source_order,43_cluster_block_order,64,0.05,10000000,806.7280106494624,0.3031630825818108
arxiv_nomic_100k,43_natural_source_order,43_cluster_block_order,128,0.05,1000,3504.699524590164,4.640065189289012
arxiv_nomic_100k,43_natural_source_order,43_cluster_block_order,128,0.05,10000,1096.739624590164,0.7649681334916241
arxiv_nomic_100k,43_natural_source_order,43_cluster_block_order,128,0.05,100000,855.9436345901639,0.3774584279118849
arxiv_nomic_100k,43_natural_source_order,43_cluster_block_order,128,0.05,1000000,831.864035590164,0.3387074573539113
arxiv_nomic_100k,43_natural_source_order,43_cluster_block_order,128,0.05,10000000,829.456075690164,0.3348323602981138
arxiv_nomic_100k,43_natural_source_order,43_cluster_block_order,128,0.01,1000,3719.4290327868853,4.985626460889065
arxiv_nomic_100k,43_natural_source_order,43_cluster_block_order,128,0.01,10000,1311.4691327868854,1.1105294050916767
arxiv_nomic_100k,43_natural_source_order,43_cluster_block_order,128,0.01,100000,1070.6731427868854,0.723019699511938
arxiv_nomic_100k,43_natural_source_order,43_cluster_block_order,128,0.01,1000000,1046.5935437868852,0.6842687289539637
arxiv_nomic_100k,43_natural_source_order,43_cluster_block_order,128,0.01,10000000,1044.1855838868853,0.6803936318981665
arxiv_nomic_100k,43_natural_source_order,59_cluster_block_order,32,0.05,1000,1713.0985504587156,1.7562510812286893
arxiv_nomic_100k,43_natural_source_order,59_cluster_block_order,32,0.05,10000,1085.4043504587157,0.7463367263495064
arxiv_nomic_100k,43_natural_source_order,59_cluster_block_order,32,0.05,100000,1022.6349304587156,0.645345290861588
arxiv_nomic_100k,43_natural_source_order,59_cluster_block_order,32,0.05,1000000,1016.3579884587157,0.6352461473127964
arxiv_nomic_100k,43_natural_source_order,59_cluster_block_order,32,0.05,10000000,1015.7302942587156,0.634236232957917
arxiv_nomic_100k,43_natural_source_order,59_cluster_block_order,64,0.05,1000,2167.9415268817206,2.498651893627175
arxiv_nomic_100k,43_natural_source_order,59_cluster_block_order,64,0.05,10000,943.1909268817204,0.522133637586222
arxiv_nomic_100k,43_natural_source_order,59_cluster_block_order,64,0.05,100000,820.7158668817204,0.32448181198212667
arxiv_nomic_100k,43_natural_source_order,59_cluster_block_order,64,0.05,1000000,808.4683608817204,0.30471662942171696
arxiv_nomic_100k,43_natural_source_order,59_cluster_block_order,64,0.05,10000000,807.2436102817204,0.30274011116567623
arxiv_nomic_100k,43_natural_source_order,59_cluster_block_order,128,0.05,1000,3501.914721311475,4.648996377099035
arxiv_nomic_100k,43_natural_source_order,59_cluster_block_order,128,0.05,10000,1096.4685213114753,0.7687314504826128
arxiv_nomic_100k,43_natural_source_order,59_cluster_block_order,128,0.05,100000,855.9239013114753,0.38070495782097047
arxiv_nomic_100k,43_natural_source_order,59_cluster_block_order,128,0.05,1000000,831.8694393114754,0.3419023085548063
arxiv_nomic_100k,43_natural_source_order,59_cluster_block_order,128,0.05,10000000,829.4639931114754,0.33802204362819
arxiv_nomic_100k,43_natural_source_order,59_cluster_block_order,128,0.01,1000,3716.201606557377,4.99466608488695
arxiv_nomic_100k,43_natural_source_order,59_cluster_block_order,128,0.01,10000,1310.755406557377,1.1144011582705278
arxiv_nomic_100k,43_natural_source_order,59_cluster_block_order,128,0.01,100000,1070.210786557377,0.7263746656088856
arxiv_nomic_100k,43_natural_source_order,59_cluster_block_order,128,0.01,1000000,1046.156324557377,0.6875720163427212
arxiv_nomic_100k,43_natural_source_order,59_cluster_block_order,128,0.01,10000000,1043.750878357377,0.6836917514161047
arxiv_nomic_100k,43_natural_source_order,59_natural_source_order,32,0.05,1000,1358.585366972477,1.200089215409529
arxiv_nomic_100k,43_natural_source_order,59_natural_source_order,32,0.05,10000,735.204866972477,0.19058863599221487
arxiv_nomic_100k,43_natural_source_order,59_natural_source_order,32,0.05,100000,672.8668169724771,0.08963857805048359
arxiv_nomic_100k,43_natural_source_order,59_natural_source_order,32,0.05,1000000,666.633011972477,0.07954357225631026
arxiv_nomic_100k,43_natural_source_order,59_natural_source_order,32,0.05,10000000,666.009631472477,0.07853407167689297
arxiv_nomic_100k,43_natural_source_order,59_natural_source_order,64,0.05,1000,1966.7453548387098,2.1943017961771205
arxiv_nomic_100k,43_natural_source_order,59_natural_source_order,64,0.05,10000,753.7019548387096,0.22412975436819438
arxiv_nomic_100k,43_natural_source_order,59_natural_source_order,64,0.05,100000,632.3976148387096,0.027112550187301743
arxiv_nomic_100k,43_natural_source_order,59_natural_source_order,64,0.05,1000000,620.2671808387097,0.00741082976921259
arxiv_nomic_100k,43_natural_source_order,59_natural_source_order,64,0.05,10000000,619.0541374387096,0.005440657727403542
arxiv_nomic_100k,43_natural_source_order,59_natural_source_order,128,0.05,1000,3277.348475409836,4.302660557272256
arxiv_nomic_100k,43_natural_source_order,59_natural_source_order,128,0.05,10000,895.915175409836,0.4495663488190125
arxiv_nomic_100k,43_natural_source_order,59_natural_source_order,128,0.05,100000,657.771845409836,0.06425692797368798
arxiv_nomic_100k,43_natural_source_order,59_natural_source_order,128,0.05,1000000,633.957512409836,0.025725985889155423
arxiv_nomic_100k,43_natural_source_order,59_natural_source_order,128,0.05,10000000,631.576079109836,0.021872891680702278
arxiv_nomic_100k,43_natural_source_order,59_natural_source_order,128,0.01,1000,3669.5861803278685,4.937290479158654
arxiv_nomic_100k,43_natural_source_order,59_natural_source_order,128,0.01,10000,1288.1528803278688,1.0841962707054096
arxiv_nomic_100k,43_natural_source_order,59_natural_source_order,128,0.01,100000,1050.0095503278687,0.6988868498600849
arxiv_nomic_100k,43_natural_source_order,59_natural_source_order,128,0.01,1000000,1026.195217327869,0.6603559077755528
arxiv_nomic_100k,43_natural_source_order,59_natural_source_order,128,0.01,10000000,1023.8137840278688,0.6565028135670994
arxiv_nomic_100k,43_natural_source_order,71_cluster_block_order,32,0.05,1000,1733.6102110091742,1.7412634442139465
arxiv_nomic_100k,43_natural_source_order,71_cluster_block_order,32,0.05,10000,1097.5289110091744,0.7354627145198962
arxiv_nomic_100k,43_natural_source_order,71_cluster_block_order,32,0.05,100000,1033.9207810091743,0.6348826415504911
arxiv_nomic_100k,43_natural_source_order,71_cluster_block_order,32,0.05,1000000,1027.5599680091743,0.6248246342535506
arxiv_nomic_100k,43_natural_source_order,71_cluster_block_order,32,0.05,10000000,1026.9238867091744,0.6238188335238566
arxiv_nomic_100k,43_natural_source_order,71_cluster_block_order,64,0.05,1000,2193.797731182796,2.4881423308058577
arxiv_nomic_100k,43_natural_source_order,71_cluster_block_order,64,0.05,10000,954.1620311827957,0.5171193424573222
arxiv_nomic_100k,43_natural_source_order,71_cluster_block_order,64,0.05,100000,830.1984611827957,0.32001704362246874
arxiv_nomic_100k,43_natural_source_order,71_cluster_block_order,64,0.05,1000000,817.8021041827957,0.30030681373898327
arxiv_nomic_100k,43_natural_source_order,71_cluster_block_order,64,0.05,10000000,816.5624684827957,0.29833579075063477
arxiv_nomic_100k,43_natural_source_order,71_cluster_block_order,128,0.05,1000,3533.836,4.595576679472536
arxiv_nomic_100k,43_natural_source_order,71_cluster_block_order,128,0.05,10000,1108.9336,0.7559170802616553
arxiv_nomic_100k,43_natural_source_order,71_cluster_block_order,128,0.05,100000,866.44336,0.371951120340567
arxiv_nomic_100k,43_natural_source_order,71_cluster_block_order,128,0.05,1000000,842.194336,0.3335545243484581
arxiv_nomic_100k,43_natural_source_order,71_cluster_block_order,128,0.05,10000000,839.7694336,0.32971486474924716
arxiv_nomic_100k,43_natural_source_order,71_cluster_block_order,128,0.01,1000,3747.155672131147,4.933353130516042
arxiv_nomic_100k,43_natural_source_order,71_cluster_block_order,128,0.01,10000,1322.2532721311477,1.0936935313051608
arxiv_nomic_100k,43_natural_source_order,71_cluster_block_order,128,0.01,100000,1079.7630321311476,0.7097275713840725
arxiv_nomic_100k,43_natural_source_order,71_cluster_block_order,128,0.01,1000000,1055.5140081311476,0.6713309753919636
arxiv_nomic_100k,43_natural_source_order,71_cluster_block_order,128,0.01,10000000,1053.0891057311476,0.6674913157927527
arxiv_nomic_100k,43_natural_source_order,71_natural_source_order,32,0.05,1000,1365.0509174311928,1.2106251950020064
arxiv_nomic_100k,43_natural_source_order,71_natural_source_order,32,0.05,10000,738.2459174311927,0.1955488285022362
arxiv_nomic_100k,43_natural_source_order,71_natural_source_order,32,0.05,100000,675.5654174311927,0.09404119185225923
arxiv_nomic_100k,43_natural_source_order,71_natural_source_order,32,0.05,1000000,669.2973674311927,0.08389042818726145
arxiv_nomic_100k,43_natural_source_order,71_natural_source_order,32,0.05,10000000,668.6705624311927,0.08287535182076167
arxiv_nomic_100k,43_natural_source_order,71_natural_source_order,64,0.05,1000,1973.1391505376346,2.2033996002339244
arxiv_nomic_100k,43_natural_source_order,71_natural_source_order,64,0.05,10000,755.4058505376345,0.22640453359169754
arxiv_nomic_100k,43_natural_source_order,71_natural_source_order,64,0.05,100000,633.6325205376344,0.028705026927474675
arxiv_nomic_100k,43_natural_source_order,71_natural_source_order,64,0.05,1000000,621.4551875376344,0.0089350762610525
arxiv_nomic_100k,43_natural_source_order,71_natural_source_order,64,0.05,10000000,620.2374542376344,0.006958081194410326
arxiv_nomic_100k,43_natural_source_order,71_natural_source_order,128,0.05,1000,3287.31531147541,4.317658255877166
arxiv_nomic_100k,43_natural_source_order,71_natural_source_order,128,0.05,10000,899.0807114754098,0.45437949057929683
arxiv_nomic_100k,43_natural_source_order,71_natural_source_order,128,0.05,100000,660.2572514754098,0.06805161404950999
arxiv_nomic_100k,43_natural_source_order,71_natural_source_order,128,0.05,1000000,636.3749054754098,0.029418826396531372
arxiv_nomic_100k,43_natural_source_order,71_natural_source_order,128,0.05,10000000,633.9866708754098,0.025555547631233466
arxiv_nomic_100k,43_natural_source_order,71_natural_source_order,128,0.01,1000,3682.216950819672,4.956462801150903
arxiv_nomic_100k,43_natural_source_order,71_natural_source_order,128,0.01,10000,1293.982350819672,1.0931840358530343
arxiv_nomic_100k,43_natural_source_order,71_natural_source_order,128,0.01,100000,1055.158890819672,0.7068561593232472
arxiv_nomic_100k,43_natural_source_order,71_natural_source_order,128,0.01,1000000,1031.2765448196722,0.6682233716702686
arxiv_nomic_100k,43_natural_source_order,71_natural_source_order,128,0.01,10000000,1028.8883102196721,0.6643600929049707
arxiv_nomic_100k,59_cluster_block_order,43_cluster_block_order,32,0.05,1000,1471.0635412844038,1.366240570214273
arxiv_nomic_100k,59_cluster_block_order,43_cluster_block_order,32,0.05,10000,840.5109412844038,0.35198176908092815
arxiv_nomic_100k,59_cluster_block_order,43_cluster_block_order,32,0.05,100000,777.4556812844037,0.2505558889675934
arxiv_nomic_100k,59_cluster_block_order,43_cluster_block_order,32,0.05,1000000,771.1501552844037,0.24041330095626012
arxiv_nomic_100k,59_cluster_block_order,43_cluster_block_order,32,0.05,10000000,770.5196026844037,0.23939904215512664
arxiv_nomic_100k,59_cluster_block_order,43_cluster_block_order,64,0.05,1000,1957.5419784946234,2.162151809907594
arxiv_nomic_100k,59_cluster_block_order,43_cluster_block_order,64,0.05,10000,728.0267784946236,0.17603158479816572
arxiv_nomic_100k,59_cluster_block_order,43_cluster_block_order,64,0.05,100000,605.0752584946237,-0.022580437712776957
arxiv_nomic_100k,59_cluster_block_order,43_cluster_block_order,64,0.05,1000000,592.7801064946236,-0.04244163996387129
arxiv_nomic_100k,59_cluster_block_order,43_cluster_block_order,64,0.05,10000000,591.5505912946236,-0.04442776018898076
arxiv_nomic_100k,59_cluster_block_order,43_cluster_block_order,128,0.05,1000,3283.838868852459,4.284637145495317
arxiv_nomic_100k,59_cluster_block_order,43_cluster_block_order,128,0.05,10000,875.878968852459,0.4095400896979291
arxiv_nomic_100k,59_cluster_block_order,43_cluster_block_order,128,0.05,100000,635.082978852459,0.02203038411819014
arxiv_nomic_100k,59_cluster_block_order,43_cluster_block_order,128,0.05,1000000,611.003379852459,-0.01672058643978369
arxiv_nomic_100k,59_cluster_block_order,43_cluster_block_order,128,0.05,10000000,608.595419952459,-0.020595683495581052
arxiv_nomic_100k,59_cluster_block_order,43_cluster_block_order,128,0.01,1000,3671.2405081967213,4.908077324891175
arxiv_nomic_100k,59_cluster_block_order,43_cluster_block_order,128,0.01,10000,1263.2806081967215,1.0329802690937875
arxiv_nomic_100k,59_cluster_block_order,43_cluster_block_order,128,0.01,100000,1022.4846181967213,0.6454705635140481
arxiv_nomic_100k,59_cluster_block_order,43_cluster_block_order,128,0.01,1000000,998.4050191967214,0.6067195929560745
arxiv_nomic_100k,59_cluster_block_order,43_cluster_block_order,128,0.01,10000000,995.9970592967213,0.602844495900277
arxiv_nomic_100k,59_cluster_block_order,43_natural_source_order,32,0.05,1000,1340.5389174311927,1.1810232329037023
arxiv_nomic_100k,59_cluster_block_order,43_natural_source_order,32,0.05,10000,714.6447174311927,0.16270905060787655
arxiv_nomic_100k,59_cluster_block_order,43_natural_source_order,32,0.05,100000,652.0552974311927,0.06087763237829402
arxiv_nomic_100k,59_cluster_block_order,43_natural_source_order,32,0.05,1000000,645.7963554311926,0.0506944905553357
arxiv_nomic_100k,59_cluster_block_order,43_natural_source_order,32,0.05,10000000,645.1704612311927,0.049676176373040004
arxiv_nomic_100k,59_cluster_block_order,43_natural_source_order,64,0.05,1000,1991.3692365591398,2.2412856642805887
arxiv_nomic_100k,59_cluster_block_order,43_natural_source_order,64,0.05,10000,776.8885365591398,0.2645157061098762
arxiv_nomic_100k,59_cluster_block_order,43_natural_source_order,64,0.05,100000,655.4404665591398,0.06683871029280519
arxiv_nomic_100k,59_cluster_block_order,43_natural_source_order,64,0.05,1000000,643.2956595591398,0.04707101071109787
arxiv_nomic_100k,59_cluster_block_order,43_natural_source_order,64,0.05,10000000,642.0811788591399,0.04509424075292734
arxiv_nomic_100k,59_cluster_block_order,43_natural_source_order,128,0.05,1000,3425.1877213114753,4.538408243870113
arxiv_nomic_100k,59_cluster_block_order,43_natural_source_order,128,0.05,10000,1044.2458213114753,0.6885088164347248
arxiv_nomic_100k,59_cluster_block_order,43_natural_source_order,128,0.05,100000,806.1516313114754,0.30351887369118624
arxiv_nomic_100k,59_cluster_block_order,43_natural_source_order,128,0.05,1000000,782.3422123114754,0.26501987941683236
arxiv_nomic_100k,59_cluster_block_order,43_natural_source_order,128,0.05,10000000,779.9612704114753,0.26116997998939673
arxiv_nomic_100k,59_cluster_block_order,43_natural_source_order,128,0.01,1000,3627.1877213114753,4.865035149105368
arxiv_nomic_100k,59_cluster_block_order,43_natural_source_order,128,0.01,10000,1246.2458213114753,1.0151357216699801
arxiv_nomic_100k,59_cluster_block_order,43_natural_source_order,128,0.01,100000,1008.1516313114754,0.6301457789264413
arxiv_nomic_100k,59_cluster_block_order,43_natural_source_order,128,0.01,1000000,984.3422123114754,0.5916467846520874
arxiv_nomic_100k,59_cluster_block_order,43_natural_source_order,128,0.01,10000000,981.9612704114753,0.587796885224652
arxiv_nomic_100k,59_cluster_block_order,59_natural_source_order,32,0.05,1000,1338.0165596330276,1.166780148271405
arxiv_nomic_100k,59_cluster_block_order,59_natural_source_order,32,0.05,10000,714.6360596330276,0.1572795688540909
arxiv_nomic_100k,59_cluster_block_order,59_natural_source_order,32,0.05,100000,652.2980096330276,0.056329510912359604
arxiv_nomic_100k,59_cluster_block_order,59_natural_source_order,32,0.05,1000000,646.0642046330275,0.046234505118186275
arxiv_nomic_100k,59_cluster_block_order,59_natural_source_order,32,0.05,10000000,645.4408241330276,0.04522500453876899
arxiv_nomic_100k,59_cluster_block_order,59_natural_source_order,64,0.05,1000,1989.4819139784945,2.2312295212231814
arxiv_nomic_100k,59_cluster_block_order,59_natural_source_order,64,0.05,10000,776.4385139784946,0.2610574794142557
arxiv_nomic_100k,59_cluster_block_order,59_natural_source_order,64,0.05,100000,655.1341739784946,0.06404027523336309
arxiv_nomic_100k,59_cluster_block_order,59_natural_source_order,64,0.05,1000000,643.0037399784947,0.044338554815273934
arxiv_nomic_100k,59_cluster_block_order,59_natural_source_order,64,0.05,10000000,641.7906965784946,0.04236838277346511
arxiv_nomic_100k,59_cluster_block_order,59_natural_source_order,128,0.05,1000,3420.2419180327865,4.533858254976592
arxiv_nomic_100k,59_cluster_block_order,59_natural_source_order,128,0.05,10000,1038.8086180327869,0.6807640465233478
arxiv_nomic_100k,59_cluster_block_order,59_natural_source_order,128,0.05,100000,800.6652880327869,0.2954546256780233
arxiv_nomic_100k,59_cluster_block_order,59_natural_source_order,128,0.05,1000000,776.8509550327868,0.25692368359349094
arxiv_nomic_100k,59_cluster_block_order,59_natural_source_order,128,0.05,10000000,774.4695217327868,0.25307058938503757
arxiv_nomic_100k,59_cluster_block_order,59_natural_source_order,128,0.01,1000,3625.31568852459,4.865662029362227
arxiv_nomic_100k,59_cluster_block_order,59_natural_source_order,128,0.01,10000,1243.8823885245902,1.0125678209089823
arxiv_nomic_100k,59_cluster_block_order,59_natural_source_order,128,0.01,100000,1005.7390585245902,0.6272584000636579
arxiv_nomic_100k,59_cluster_block_order,59_natural_source_order,128,0.01,1000000,981.9247255245901,0.5887274579791255
arxiv_nomic_100k,59_cluster_block_order,59_natural_source_order,128,0.01,10000000,979.5432922245901,0.5848743637706721
arxiv_nomic_100k,59_cluster_block_order,71_cluster_block_order,32,0.05,1000,1372.073513761468,1.1695851478972337
arxiv_nomic_100k,59_cluster_block_order,71_cluster_block_order,32,0.05,10000,735.992213761468,0.1637844182031829
arxiv_nomic_100k,59_cluster_block_order,71_cluster_block_order,32,0.05,100000,672.384083761468,0.06320434523377783
arxiv_nomic_100k,59_cluster_block_order,71_cluster_block_order,32,0.05,1000000,666.023270761468,0.05314633793683732
arxiv_nomic_100k,59_cluster_block_order,71_cluster_block_order,32,0.05,10000000,665.387189461468,0.05214053720714329
arxiv_nomic_100k,59_cluster_block_order,71_cluster_block_order,64,0.05,1000,1983.2816021505378,2.153421307733735
arxiv_nomic_100k,59_cluster_block_order,71_cluster_block_order,64,0.05,10000,743.6459021505376,0.18239831938519946
arxiv_nomic_100k,59_cluster_block_order,71_cluster_block_order,64,0.05,100000,619.6823321505376,-0.014703979449654181
arxiv_nomic_100k,59_cluster_block_order,71_cluster_block_order,64,0.05,1000000,607.2859751505376,-0.034414209333139434
arxiv_nomic_100k,59_cluster_block_order,71_cluster_block_order,64,0.05,10000000,606.0463394505376,-0.03638523232148805
arxiv_nomic_100k,59_cluster_block_order,71_cluster_block_order,128,0.05,1000,3319.032721311475,4.255451043505347
arxiv_nomic_100k,59_cluster_block_order,71_cluster_block_order,128,0.05,10000,894.1303213114754,0.4157914442944659
arxiv_nomic_100k,59_cluster_block_order,71_cluster_block_order,128,0.05,100000,651.6400813114753,0.03182548437337762
arxiv_nomic_100k,59_cluster_block_order,71_cluster_block_order,128,0.05,1000000,627.3910573114754,-0.00657111161873114
arxiv_nomic_100k,59_cluster_block_order,71_cluster_block_order,128,0.05,10000000,624.9661549114753,-0.010410771217942205
arxiv_nomic_100k,59_cluster_block_order,71_cluster_block_order,128,0.01,1000,3700.0409180327865,4.8587502855362885
arxiv_nomic_100k,59_cluster_block_order,71_cluster_block_order,128,0.01,10000,1275.1385180327868,1.0190906863254074
arxiv_nomic_100k,59_cluster_block_order,71_cluster_block_order,128,0.01,100000,1032.648278032787,0.6351247264043196
arxiv_nomic_100k,59_cluster_block_order,71_cluster_block_order,128,0.01,1000000,1008.3992540327869,0.5967281304122107
arxiv_nomic_100k,59_cluster_block_order,71_cluster_block_order,128,0.01,10000000,1005.9743516327868,0.5928884708129996
arxiv_nomic_100k,59_cluster_block_order,71_natural_source_order,32,0.05,1000,1343.4316513761469,1.1756139777437715
arxiv_nomic_100k,59_cluster_block_order,71_natural_source_order,32,0.05,10000,716.6266513761468,0.16053761124400157
arxiv_nomic_100k,59_cluster_block_order,71_natural_source_order,32,0.05,100000,653.9461513761469,0.05902997459402459
arxiv_nomic_100k,59_cluster_block_order,71_natural_source_order,32,0.05,1000000,647.6781013761469,0.048879210929026806
arxiv_nomic_100k,59_cluster_block_order,71_natural_source_order,32,0.05,10000000,647.0512963761469,0.04786413456252703
arxiv_nomic_100k,59_cluster_block_order,71_natural_source_order,64,0.05,1000,1996.1445268817206,2.2407489242102874
arxiv_nomic_100k,59_cluster_block_order,71_natural_source_order,64,0.05,10000,778.4112268817205,0.2637538575680607
arxiv_nomic_100k,59_cluster_block_order,71_natural_source_order,64,0.05,100000,656.6378968817204,0.06605435090383782
arxiv_nomic_100k,59_cluster_block_order,71_natural_source_order,64,0.05,1000000,644.4605638817204,0.046284400237415646
arxiv_nomic_100k,59_cluster_block_order,71_natural_source_order,64,0.05,10000000,643.2428305817205,0.04430740517077347
arxiv_nomic_100k,59_cluster_block_order,71_natural_source_order,128,0.05,1000,3431.3562950819673,4.5506632015805035
arxiv_nomic_100k,59_cluster_block_order,71_natural_source_order,128,0.05,10000,1043.1216950819671,0.687384436282634
arxiv_nomic_100k,59_cluster_block_order,71_natural_source_order,128,0.05,100000,804.2982350819672,0.3010565597528472
arxiv_nomic_100k,59_cluster_block_order,71_natural_source_order,128,0.05,1000000,780.4158890819672,0.26242377209986856
arxiv_nomic_100k,59_cluster_block_order,71_natural_source_order,128,0.05,10000000,778.0276544819671,0.25856049333457065
arxiv_nomic_100k,59_cluster_block_order,71_natural_source_order,128,0.01,1000,3635.5694098360655,4.881004362295973
arxiv_nomic_100k,59_cluster_block_order,71_natural_source_order,128,0.01,10000,1247.3348098360655,1.0177255969981034
arxiv_nomic_100k,59_cluster_block_order,71_natural_source_order,128,0.01,100000,1008.5113498360655,0.6313977204683168
arxiv_nomic_100k,59_cluster_block_order,71_natural_source_order,128,0.01,1000000,984.6290038360655,0.5927649328153382
arxiv_nomic_100k,59_cluster_block_order,71_natural_source_order,128,0.01,10000000,982.2407692360655,0.5889016540500402
arxiv_nomic_100k,59_natural_source_order,43_cluster_block_order,32,0.05,1000,1735.6644587155963,1.7918574169175372
arxiv_nomic_100k,59_natural_source_order,43_cluster_block_order,32,0.05,10000,1105.1118587155963,0.7775986157841923
arxiv_nomic_100k,59_natural_source_order,43_cluster_block_order,32,0.05,100000,1042.0565987155962,0.6761727356708576
arxiv_nomic_100k,59_natural_source_order,43_cluster_block_order,32,0.05,1000000,1035.7510727155964,0.6660301476595243
arxiv_nomic_100k,59_natural_source_order,43_cluster_block_order,32,0.05,10000000,1035.1205201155963,0.6650158888583908
arxiv_nomic_100k,59_natural_source_order,43_cluster_block_order,64,0.05,1000,2394.2731612903226,2.8676336413534362
arxiv_nomic_100k,59_natural_source_order,43_cluster_block_order,64,0.05,10000,1164.7579612903228,0.8815134162440079
arxiv_nomic_100k,59_natural_source_order,43_cluster_block_order,64,0.05,100000,1041.8064412903227,0.682901393733065
arxiv_nomic_100k,59_natural_source_order,43_cluster_block_order,64,0.05,1000000,1029.5112892903226,0.6630401914819706
arxiv_nomic_100k,59_natural_source_order,43_cluster_block_order,64,0.05,10000000,1028.2817740903226,0.6610540712568611
arxiv_nomic_100k,59_natural_source_order,43_cluster_block_order,128,0.05,1000,3711.650344262295,4.973108323440179
arxiv_nomic_100k,59_natural_source_order,43_cluster_block_order,128,0.05,10000,1303.690444262295,1.0980112676427911
arxiv_nomic_100k,59_natural_source_order,43_cluster_block_order,128,0.05,100000,1062.894454262295,0.7105015620630524
arxiv_nomic_100k,59_natural_source_order,43_cluster_block_order,128,0.05,1000000,1038.814855262295,0.6717505915050783
arxiv_nomic_100k,59_natural_source_order,43_cluster_block_order,128,0.05,10000000,1036.406895362295,0.6678754944492811
arxiv_nomic_100k,59_natural_source_order,43_cluster_block_order,128,0.01,1000,3711.650344262295,4.973108323440179
arxiv_nomic_100k,59_natural_source_order,43_cluster_block_order,128,0.01,10000,1303.690444262295,1.0980112676427911
arxiv_nomic_100k,59_natural_source_order,43_cluster_block_order,128,0.01,100000,1062.894454262295,0.7105015620630524
arxiv_nomic_100k,59_natural_source_order,43_cluster_block_order,128,0.01,1000000,1038.814855262295,0.6717505915050783
arxiv_nomic_100k,59_natural_source_order,43_cluster_block_order,128,0.01,10000000,1036.406895362295,0.6678754944492811
arxiv_nomic_100k,59_natural_source_order,43_natural_source_order,32,0.05,1000,1322.846256880734,1.1522377174586351
arxiv_nomic_100k,59_natural_source_order,43_natural_source_order,32,0.05,10000,696.952056880734,0.13392353516280942
arxiv_nomic_100k,59_natural_source_order,43_natural_source_order,32,0.05,100000,634.3626368807339,0.032092116933226666
arxiv_nomic_100k,59_natural_source_order,43_natural_source_order,32,0.05,1000000,628.1036948807339,0.021908975110268347
arxiv_nomic_100k,59_natural_source_order,43_natural_source_order,32,0.05,10000000,627.4778006807339,0.02089066092797265
arxiv_nomic_100k,59_natural_source_order,43_natural_source_order,64,0.05,1000,1973.7670860215053,2.21263522761083
arxiv_nomic_100k,59_natural_source_order,43_natural_source_order,64,0.05,10000,759.2863860215055,0.23586526944011776
arxiv_nomic_100k,59_natural_source_order,43_natural_source_order,64,0.05,100000,637.8383160215054,0.03818827362304633
arxiv_nomic_100k,59_natural_source_order,43_natural_source_order,64,0.05,1000000,625.6935090215054,0.018420574041339233
arxiv_nomic_100k,59_natural_source_order,43_natural_source_order,64,0.05,10000000,624.4790283215054,0.0164438040831687
arxiv_nomic_100k,59_natural_source_order,43_natural_source_order,128,0.05,1000,3233.646737704918,4.228693200795228
arxiv_nomic_100k,59_natural_source_order,43_natural_source_order,128,0.05,10000,852.704837704918,0.37879377335984077
arxiv_nomic_100k,59_natural_source_order,43_natural_source_order,128,0.05,100000,614.610647704918,-0.006196169383697825
arxiv_nomic_100k,59_natural_source_order,43_natural_source_order,128,0.05,1000000,590.801228704918,-0.044695163658051706
arxiv_nomic_100k,59_natural_source_order,43_natural_source_order,128,0.05,10000000,588.420286804918,-0.04854506308548723
arxiv_nomic_100k,59_natural_source_order,43_natural_source_order,128,0.01,1000,3274.0073934426227,4.293954963552021
arxiv_nomic_100k,59_natural_source_order,43_natural_source_order,128,0.01,10000,893.0654934426229,0.4440555361166336
arxiv_nomic_100k,59_natural_source_order,43_natural_source_order,128,0.01,100000,654.971303442623,0.059065593373094805
arxiv_nomic_100k,59_natural_source_order,43_natural_source_order,128,0.01,1000000,631.161884442623,0.020566599098740923
arxiv_nomic_100k,59_natural_source_order,43_natural_source_order,128,0.01,10000000,628.7809425426229,0.016716699671305513
arxiv_nomic_100k,59_natural_source_order,59_cluster_block_order,32,0.05,1000,1732.2086422018347,1.7869978301622211
arxiv_nomic_100k,59_natural_source_order,59_cluster_block_order,32,0.05,10000,1104.5144422018348,0.7770834752830382
arxiv_nomic_100k,59_natural_source_order,59_cluster_block_order,32,0.05,100000,1041.745022201835,0.6760920397951202
arxiv_nomic_100k,59_natural_source_order,59_cluster_block_order,32,0.05,1000000,1035.4680802018347,0.665992896246328
arxiv_nomic_100k,59_natural_source_order,59_cluster_block_order,32,0.05,10000000,1034.8403860018348,0.664982981891449
arxiv_nomic_100k,59_natural_source_order,59_cluster_block_order,64,0.05,1000,2390.221096774194,2.8573695197605318
arxiv_nomic_100k,59_natural_source_order,59_cluster_block_order,64,0.05,10000,1165.4704967741936,0.8808512637195784
arxiv_nomic_100k,59_natural_source_order,59_cluster_block_order,64,0.05,100000,1042.9954367741936,0.6831994381154833
arxiv_nomic_100k,59_natural_source_order,59_cluster_block_order,64,0.05,1000000,1030.7479307741937,0.6634342555550738
arxiv_nomic_100k,59_natural_source_order,59_cluster_block_order,64,0.05,10000000,1029.5231801741936,0.6614577372990327
arxiv_nomic_100k,59_natural_source_order,59_cluster_block_order,128,0.05,1000,3492.1442295081965,4.633235435673675
arxiv_nomic_100k,59_natural_source_order,59_cluster_block_order,128,0.05,10000,1086.6980295081967,0.7529705090572525
arxiv_nomic_100k,59_natural_source_order,59_cluster_block_order,128,0.05,100000,846.1534095081967,0.36494401639561014
arxiv_nomic_100k,59_natural_source_order,59_cluster_block_order,128,0.05,1000000,822.0989475081967,0.3261413671294462
arxiv_nomic_100k,59_natural_source_order,59_cluster_block_order,128,0.05,10000000,819.6935013081967,0.32226110220282966
arxiv_nomic_100k,59_natural_source_order,59_cluster_block_order,128,0.01,1000,3709.4311147540984,4.983744492926088
arxiv_nomic_100k,59_natural_source_order,59_cluster_block_order,128,0.01,10000,1303.9849147540983,1.1034795663096655
arxiv_nomic_100k,59_natural_source_order,59_cluster_block_order,128,0.01,100000,1063.4402947540984,0.7154530736480236
arxiv_nomic_100k,59_natural_source_order,59_cluster_block_order,128,0.01,1000000,1039.3858327540984,0.6766504243818592
arxiv_nomic_100k,59_natural_source_order,59_cluster_block_order,128,0.01,10000000,1036.9803865540982,0.6727701594552427
arxiv_nomic_100k,59_natural_source_order,71_cluster_block_order,32,0.05,1000,1752.3900275229357,1.7709589456428705
arxiv_nomic_100k,59_natural_source_order,71_cluster_block_order,32,0.05,10000,1116.308727522936,0.7651582159488199
arxiv_nomic_100k,59_natural_source_order,71_cluster_block_order,32,0.05,100000,1052.7005975229358,0.6645781429794149
arxiv_nomic_100k,59_natural_source_order,71_cluster_block_order,32,0.05,1000000,1046.3397845229358,0.6545201356824744
arxiv_nomic_100k,59_natural_source_order,71_cluster_block_order,32,0.05,10000000,1045.703703222936,0.6535143349527803
arxiv_nomic_100k,59_natural_source_order,71_cluster_block_order,64,0.05,1000,2415.84611827957,2.841199664902848
arxiv_nomic_100k,59_natural_source_order,71_cluster_block_order,64,0.05,10000,1176.21041827957,0.8701766765543124
arxiv_nomic_100k,59_natural_source_order,71_cluster_block_order,64,0.05,100000,1052.2468482795698,0.6730743777194588
arxiv_nomic_100k,59_natural_source_order,71_cluster_block_order,64,0.05,1000000,1039.85049127957,0.6533641478359735
arxiv_nomic_100k,59_natural_source_order,71_cluster_block_order,64,0.05,10000000,1038.61085557957,0.651393124847625
arxiv_nomic_100k,59_natural_source_order,71_cluster_block_order,128,0.05,1000,3739.958950819672,4.92195763679784
arxiv_nomic_100k,59_natural_source_order,71_cluster_block_order,128,0.05,10000,1315.056550819672,1.0822980375869586
arxiv_nomic_100k,59_natural_source_order,71_cluster_block_order,128,0.05,100000,1072.566310819672,0.6983320776658706
arxiv_nomic_100k,59_natural_source_order,71_cluster_block_order,128,0.05,1000000,1048.317286819672,0.6599354816737617
arxiv_nomic_100k,59_natural_source_order,71_cluster_block_order,128,0.05,10000000,1045.892384419672,0.6560958220745507
arxiv_nomic_100k,59_natural_source_order,71_cluster_block_order,128,0.01,1000,3739.958950819672,4.92195763679784
arxiv_nomic_100k,59_natural_source_order,71_cluster_block_order,128,0.01,10000,1315.056550819672,1.0822980375869586
arxiv_nomic_100k,59_natural_source_order,71_cluster_block_order,128,0.01,100000,1072.566310819672,0.6983320776658706
arxiv_nomic_100k,59_natural_source_order,71_cluster_block_order,128,0.01,1000000,1048.317286819672,0.6599354816737617
arxiv_nomic_100k,59_natural_source_order,71_cluster_block_order,128,0.01,10000000,1045.892384419672,0.6560958220745507
arxiv_nomic_100k,59_natural_source_order,71_natural_source_order,32,0.05,1000,1325.1288990825688,1.145973672872064
arxiv_nomic_100k,59_natural_source_order,71_natural_source_order,32,0.05,10000,698.3238990825688,0.13089730637229424
arxiv_nomic_100k,59_natural_source_order,71_natural_source_order,32,0.05,100000,635.6433990825689,0.02938966972231727
arxiv_nomic_100k,59_natural_source_order,71_natural_source_order,32,0.05,1000000,629.3753490825688,0.019238906057319483
arxiv_nomic_100k,59_natural_source_order,71_natural_source_order,32,0.05,10000000,628.7485440825689,0.018223829690819926
arxiv_nomic_100k,59_natural_source_order,71_natural_source_order,64,0.05,1000,1977.8326989247312,2.2110195955205247
arxiv_nomic_100k,59_natural_source_order,71_natural_source_order,64,0.05,10000,760.0993989247311,0.23402452887829805
arxiv_nomic_100k,59_natural_source_order,71_natural_source_order,64,0.05,100000,638.3260689247311,0.03632502221407541
arxiv_nomic_100k,59_natural_source_order,71_natural_source_order,64,0.05,1000000,626.1487359247311,0.016555071547653233
arxiv_nomic_100k,59_natural_source_order,71_natural_source_order,64,0.05,10000000,624.9310026247311,0.01457807648101106
arxiv_nomic_100k,59_natural_source_order,71_natural_source_order,128,0.05,1000,3240.126786885246,4.241324705975948
arxiv_nomic_100k,59_natural_source_order,71_natural_source_order,128,0.05,10000,851.8921868852458,0.3780459406780783
arxiv_nomic_100k,59_natural_source_order,71_natural_source_order,128,0.05,100000,613.0687268852458,-0.008281935851708666
arxiv_nomic_100k,59_natural_source_order,71_natural_source_order,128,0.05,1000000,589.1863808852459,-0.046914723504687283
arxiv_nomic_100k,59_natural_source_order,71_natural_source_order,128,0.05,10000000,586.7981462852458,-0.05077800226998519
arxiv_nomic_100k,59_natural_source_order,71_natural_source_order,128,0.01,1000,3455.225147540984,4.589274161683395
arxiv_nomic_100k,59_natural_source_order,71_natural_source_order,128,0.01,10000,1066.9905475409837,0.7259953963855261
arxiv_nomic_100k,59_natural_source_order,71_natural_source_order,128,0.01,100000,828.1670875409836,0.3396675198557393
arxiv_nomic_100k,59_natural_source_order,71_natural_source_order,128,0.01,1000000,804.2847415409836,0.30103473220276045
arxiv_nomic_100k,59_natural_source_order,71_natural_source_order,128,0.01,10000000,801.8965069409836,0.29717145343746254
arxiv_nomic_100k,71_cluster_block_order,43_cluster_block_order,32,0.05,1000,1505.0589541284403,1.420922997461779
arxiv_nomic_100k,71_cluster_block_order,43_cluster_block_order,32,0.05,10000,874.5063541284404,0.4066641963284341
arxiv_nomic_100k,71_cluster_block_order,43_cluster_block_order,32,0.05,100000,811.4510941284403,0.30523831621509934
arxiv_nomic_100k,71_cluster_block_order,43_cluster_block_order,32,0.05,1000000,805.1455681284403,0.29509572820376606
arxiv_nomic_100k,71_cluster_block_order,43_cluster_block_order,32,0.05,10000000,804.5150155284404,0.2940814694026326
arxiv_nomic_100k,71_cluster_block_order,43_cluster_block_order,64,0.05,1000,1984.3323010752688,2.205428055304662
arxiv_nomic_100k,71_cluster_block_order,43_cluster_block_order,64,0.05,10000,754.8171010752689,0.21930783019523403
arxiv_nomic_100k,71_cluster_block_order,43_cluster_block_order,64,0.05,100000,631.8655810752689,0.020695807684291134
arxiv_nomic_100k,71_cluster_block_order,43_cluster_block_order,64,0.05,1000000,619.5704290752689,0.000834605433196911
arxiv_nomic_100k,71_cluster_block_order,43_cluster_block_order,64,0.05,10000000,618.3409138752688,-0.0011515147919126667
arxiv_nomic_100k,71_cluster_block_order,43_cluster_block_order,128,0.05,1000,3308.8798524590165,4.324935259200633
arxiv_nomic_100k,71_cluster_block_order,43_cluster_block_order,128,0.05,10000,900.9199524590164,0.4498382034032449
arxiv_nomic_100k,71_cluster_block_order,43_cluster_block_order,128,0.05,100000,660.1239624590163,0.06232849782350591
arxiv_nomic_100k,71_cluster_block_order,43_cluster_block_order,128,0.05,1000000,636.0443634590164,0.023577527265532305
arxiv_nomic_100k,71_cluster_block_order,43_cluster_block_order,128,0.05,10000000,633.6364035590163,0.019702430209734834
arxiv_nomic_100k,71_cluster_block_order,43_cluster_block_order,128,0.01,1000,3496.78968852459,4.62733599788946
arxiv_nomic_100k,71_cluster_block_order,43_cluster_block_order,128,0.01,10000,1088.8297885245902,0.7522389420920723
arxiv_nomic_100k,71_cluster_block_order,43_cluster_block_order,128,0.01,100000,848.0337985245901,0.36472923651233335
arxiv_nomic_100k,71_cluster_block_order,43_cluster_block_order,128,0.01,1000000,823.9541995245902,0.3259782659543595
arxiv_nomic_100k,71_cluster_block_order,43_cluster_block_order,128,0.01,10000000,821.5462396245902,0.3221031688985623
arxiv_nomic_100k,71_cluster_block_order,43_natural_source_order,32,0.05,1000,1310.3370825688073,1.1318856042570022
arxiv_nomic_100k,71_cluster_block_order,43_natural_source_order,32,0.05,10000,684.4428825688074,0.11357142196117653
arxiv_nomic_100k,71_cluster_block_order,43_natural_source_order,32,0.05,100000,621.8534625688073,0.011740003731593784
arxiv_nomic_100k,71_cluster_block_order,43_natural_source_order,32,0.05,1000000,615.5945205688073,0.0015568619086354651
arxiv_nomic_100k,71_cluster_block_order,43_natural_source_order,32,0.05,10000000,614.9686263688073,0.0005385477263397664
arxiv_nomic_100k,71_cluster_block_order,43_natural_source_order,64,0.05,1000,1961.3262258064515,2.192385652029333
arxiv_nomic_100k,71_cluster_block_order,43_natural_source_order,64,0.05,10000,746.8455258064516,0.21561569385862045
arxiv_nomic_100k,71_cluster_block_order,43_natural_source_order,64,0.05,100000,625.3974558064516,0.01793869804154924
arxiv_nomic_100k,71_cluster_block_order,43_natural_source_order,64,0.05,1000000,613.2526488064516,-0.0018290015401578597
arxiv_nomic_100k,71_cluster_block_order,43_natural_source_order,64,0.05,10000000,612.0381681064516,-0.003805771498328614
arxiv_nomic_100k,71_cluster_block_order,43_natural_source_order,128,0.05,1000,3322.0893606557374,4.371701815772034
arxiv_nomic_100k,71_cluster_block_order,43_natural_source_order,128,0.05,10000,941.1474606557376,0.5218023883366467
arxiv_nomic_100k,71_cluster_block_order,43_natural_source_order,128,0.05,100000,703.0532706557377,0.13681244559310812
arxiv_nomic_100k,71_cluster_block_order,43_natural_source_order,128,0.05,1000000,679.2438516557377,0.09831345131875402
arxiv_nomic_100k,71_cluster_block_order,43_natural_source_order,128,0.05,10000000,676.8629097557376,0.09446355189131861
arxiv_nomic_100k,71_cluster_block_order,43_natural_source_order,128,0.01,1000,3668.21231147541,4.931370470510272
arxiv_nomic_100k,71_cluster_block_order,43_natural_source_order,128,0.01,10000,1287.27041147541,1.0814710430748842
arxiv_nomic_100k,71_cluster_block_order,43_natural_source_order,128,0.01,100000,1049.1762214754099,0.6964811003313454
arxiv_nomic_100k,71_cluster_block_order,43_natural_source_order,128,0.01,1000000,1025.36680247541,0.6579821060569915
arxiv_nomic_100k,71_cluster_block_order,43_natural_source_order,128,0.01,10000000,1022.9858605754098,0.6541322066295558
arxiv_nomic_100k,71_cluster_block_order,59_cluster_block_order,32,0.05,1000,1710.9334128440366,1.7527675321416445
arxiv_nomic_100k,71_cluster_block_order,59_cluster_block_order,32,0.05,10000,1083.2392128440367,0.7428531772624618
arxiv_nomic_100k,71_cluster_block_order,59_cluster_block_order,32,0.05,100000,1020.4697928440366,0.6418617417745436
arxiv_nomic_100k,71_cluster_block_order,59_cluster_block_order,32,0.05,1000000,1014.1928508440367,0.6317625982257518
arxiv_nomic_100k,71_cluster_block_order,59_cluster_block_order,32,0.05,10000000,1013.5651566440366,0.6307526838708724
arxiv_nomic_100k,71_cluster_block_order,59_cluster_block_order,64,0.05,1000,1790.6296989247312,1.889741217300768
arxiv_nomic_100k,71_cluster_block_order,59_cluster_block_order,64,0.05,10000,565.8790989247312,-0.08677703874018472
arxiv_nomic_100k,71_cluster_block_order,59_cluster_block_order,64,0.05,100000,443.4040389247312,-0.28442886434428005
arxiv_nomic_100k,71_cluster_block_order,59_cluster_block_order,64,0.05,1000000,431.1565329247312,-0.30419404690468954
arxiv_nomic_100k,71_cluster_block_order,59_cluster_block_order,64,0.05,10000000,429.9317823247312,-0.3061705651607305
arxiv_nomic_100k,71_cluster_block_order,59_cluster_block_order,128,0.05,1000,3215.914721311475,4.187645061483538
arxiv_nomic_100k,71_cluster_block_order,59_cluster_block_order,128,0.05,10000,810.4685213114753,0.30738013486711613
arxiv_nomic_100k,71_cluster_block_order,59_cluster_block_order,128,0.05,100000,569.9239013114753,-0.080646357794526
arxiv_nomic_100k,71_cluster_block_order,59_cluster_block_order,128,0.05,1000000,545.8694393114754,-0.11944900706069017
arxiv_nomic_100k,71_cluster_block_order,59_cluster_block_order,128,0.05,10000000,543.4639931114754,-0.12332927198730659
arxiv_nomic_100k,71_cluster_block_order,59_cluster_block_order,128,0.01,1000,3711.2425901639344,4.986666613777602
arxiv_nomic_100k,71_cluster_block_order,59_cluster_block_order,128,0.01,10000,1305.7963901639343,1.1064016871611795
arxiv_nomic_100k,71_cluster_block_order,59_cluster_block_order,128,0.01,100000,1065.2517701639345,0.7183751944995374
arxiv_nomic_100k,71_cluster_block_order,59_cluster_block_order,128,0.01,1000000,1041.1973081639344,0.6795725452333732
arxiv_nomic_100k,71_cluster_block_order,59_cluster_block_order,128,0.01,10000000,1038.7918619639343,0.6756922803067564
arxiv_nomic_100k,71_cluster_block_order,59_natural_source_order,32,0.05,1000,1307.4706880733945,1.1173142521802433
arxiv_nomic_100k,71_cluster_block_order,59_natural_source_order,32,0.05,10000,684.0901880733945,0.10781367276292908
arxiv_nomic_100k,71_cluster_block_order,59_natural_source_order,32,0.05,100000,621.7521380733946,0.006863614821197794
arxiv_nomic_100k,71_cluster_block_order,59_natural_source_order,32,0.05,1000000,615.5183330733945,-0.003231390972975423
arxiv_nomic_100k,71_cluster_block_order,59_natural_source_order,32,0.05,10000000,614.8949525733946,-0.0042408915523926005
arxiv_nomic_100k,71_cluster_block_order,59_natural_source_order,64,0.05,1000,1959.100193548387,2.1818848595454106
arxiv_nomic_100k,71_cluster_block_order,59_natural_source_order,64,0.05,10000,746.0567935483871,0.21171281773648487
arxiv_nomic_100k,71_cluster_block_order,59_natural_source_order,64,0.05,100000,624.752453548387,0.014695613555592235
arxiv_nomic_100k,71_cluster_block_order,59_natural_source_order,64,0.05,1000000,612.6220195483871,-0.005006106862496806
arxiv_nomic_100k,71_cluster_block_order,59_natural_source_order,64,0.05,10000000,611.4089761483871,-0.006976278904305855
arxiv_nomic_100k,71_cluster_block_order,59_natural_source_order,128,0.05,1000,3319.955032786885,4.37159680649311
arxiv_nomic_100k,71_cluster_block_order,59_natural_source_order,128,0.05,10000,938.5217327868852,0.5185025980398656
arxiv_nomic_100k,71_cluster_block_order,59_natural_source_order,128,0.05,100000,700.3784027868852,0.13319317719454116
arxiv_nomic_100k,71_cluster_block_order,59_natural_source_order,128,0.05,1000000,676.5640697868852,0.09466223511000882
arxiv_nomic_100k,71_cluster_block_order,59_natural_source_order,128,0.05,10000000,674.1826364868851,0.09080914090155545
arxiv_nomic_100k,71_cluster_block_order,59_natural_source_order,128,0.01,1000,3665.4140491803278,4.9305400846120175
arxiv_nomic_100k,71_cluster_block_order,59_natural_source_order,128,0.01,10000,1283.9807491803278,1.0774458761587735
arxiv_nomic_100k,71_cluster_block_order,59_natural_source_order,128,0.01,100000,1045.8374191803277,0.6921364553134488
arxiv_nomic_100k,71_cluster_block_order,59_natural_source_order,128,0.01,1000000,1022.0230861803278,0.6536055132289165
arxiv_nomic_100k,71_cluster_block_order,59_natural_source_order,128,0.01,10000000,1019.6416528803278,0.6497524190204633
arxiv_nomic_100k,71_cluster_block_order,71_natural_source_order,32,0.05,1000,1313.284862385321,1.1267929041555855
arxiv_nomic_100k,71_cluster_block_order,71_natural_source_order,32,0.05,10000,686.4798623853211,0.11171653765581602
arxiv_nomic_100k,71_cluster_block_order,71_natural_source_order,32,0.05,100000,623.7993623853212,0.010208901005839044
arxiv_nomic_100k,71_cluster_block_order,71_natural_source_order,32,0.05,1000000,617.5313123853211,5.813734084125777e-05
arxiv_nomic_100k,71_cluster_block_order,71_natural_source_order,32,0.05,10000000,616.9045073853212,-0.0009569390256584098
arxiv_nomic_100k,71_cluster_block_order,71_natural_source_order,64,0.05,1000,1966.4617311827956,2.1925587821973163
arxiv_nomic_100k,71_cluster_block_order,71_natural_source_order,64,0.05,10000,748.7284311827957,0.21556371555509002
arxiv_nomic_100k,71_cluster_block_order,71_natural_source_order,64,0.05,100000,626.9551011827956,0.01786420889086715
arxiv_nomic_100k,71_cluster_block_order,71_natural_source_order,64,0.05,1000000,614.7777681827956,-0.0019057417755551365
arxiv_nomic_100k,71_cluster_block_order,71_natural_source_order,64,0.05,10000000,613.5600348827957,-0.0038827368421973096
arxiv_nomic_100k,71_cluster_block_order,71_natural_source_order,128,0.05,1000,3329.4464590163934,4.385810843421418
arxiv_nomic_100k,71_cluster_block_order,71_natural_source_order,128,0.05,10000,941.2118590163934,0.5225320781235496
arxiv_nomic_100k,71_cluster_block_order,71_natural_source_order,128,0.05,100000,702.3883990163935,0.13620420159376279
arxiv_nomic_100k,71_cluster_block_order,71_natural_source_order,128,0.05,1000000,678.5060530163935,0.09757141394078417
arxiv_nomic_100k,71_cluster_block_order,71_natural_source_order,128,0.05,10000000,676.1178184163934,0.09370813517548626
arxiv_nomic_100k,71_cluster_block_order,71_natural_source_order,128,0.01,1000,3677.184163934426,4.9483216165687685
arxiv_nomic_100k,71_cluster_block_order,71_natural_source_order,128,0.01,10000,1288.9495639344261,1.0850428512708996
arxiv_nomic_100k,71_cluster_block_order,71_natural_source_order,128,0.01,100000,1050.1261039344263,0.698714974741113
arxiv_nomic_100k,71_cluster_block_order,71_natural_source_order,128,0.01,1000000,1026.2437579344262,0.6600821870881342
arxiv_nomic_100k,71_cluster_block_order,71_natural_source_order,128,0.01,10000000,1023.8555233344262,0.6562189083228362
arxiv_nomic_100k,71_natural_source_order,43_cluster_block_order,32,0.05,1000,1730.8387706422018,1.784095183283159
arxiv_nomic_100k,71_natural_source_order,43_cluster_block_order,32,0.05,10000,1100.2861706422018,0.769836382149814
arxiv_nomic_100k,71_natural_source_order,43_cluster_block_order,32,0.05,100000,1037.2309106422017,0.6684105020364794
arxiv_nomic_100k,71_natural_source_order,43_cluster_block_order,32,0.05,1000000,1030.9253846422018,0.6582679140251462
arxiv_nomic_100k,71_natural_source_order,43_cluster_block_order,32,0.05,10000000,1030.2948320422017,0.6572536552240127
arxiv_nomic_100k,71_natural_source_order,43_cluster_block_order,64,0.05,1000,2179.0150967741934,2.5199125269228095
arxiv_nomic_100k,71_natural_source_order,43_cluster_block_order,64,0.05,10000,949.4998967741935,0.5337923018133817
arxiv_nomic_100k,71_natural_source_order,43_cluster_block_order,64,0.05,100000,826.5483767741936,0.33518027930243877
arxiv_nomic_100k,71_natural_source_order,43_cluster_block_order,64,0.05,1000000,814.2532247741935,0.31531907705134454
arxiv_nomic_100k,71_natural_source_order,43_cluster_block_order,64,0.05,10000000,813.0237095741935,0.3133329568262351
arxiv_nomic_100k,71_natural_source_order,43_cluster_block_order,128,0.05,1000,3512.8716557377047,4.653216488589895
arxiv_nomic_100k,71_natural_source_order,43_cluster_block_order,128,0.05,10000,1104.9117557377049,0.7781194327925074
arxiv_nomic_100k,71_natural_source_order,43_cluster_block_order,128,0.05,100000,864.1157657377049,0.39060972721276865
arxiv_nomic_100k,71_natural_source_order,43_cluster_block_order,128,0.05,1000000,840.036166737705,0.35185875665479505
arxiv_nomic_100k,71_natural_source_order,43_cluster_block_order,128,0.05,10000000,837.628206837705,0.3479836595989976
arxiv_nomic_100k,71_natural_source_order,43_cluster_block_order,128,0.01,1000,3730.9536229508194,5.004172826803851
arxiv_nomic_100k,71_natural_source_order,43_cluster_block_order,128,0.01,10000,1322.9937229508196,1.1290757710064634
arxiv_nomic_100k,71_natural_source_order,43_cluster_block_order,128,0.01,100000,1082.1977329508197,0.7415660654267249
arxiv_nomic_100k,71_natural_source_order,43_cluster_block_order,128,0.01,1000000,1058.1181339508196,0.7028150948687506
arxiv_nomic_100k,71_natural_source_order,43_cluster_block_order,128,0.01,10000000,1055.7101740508197,0.6989399978129534
arxiv_nomic_100k,71_natural_source_order,43_natural_source_order,32,0.05,1000,1320.2957981651375,1.148088185027352
arxiv_nomic_100k,71_natural_source_order,43_natural_source_order,32,0.05,10000,694.4015981651377,0.12977400273152684
arxiv_nomic_100k,71_natural_source_order,43_natural_source_order,32,0.05,100000,631.8121781651377,0.02794258450194409
arxiv_nomic_100k,71_natural_source_order,43_natural_source_order,32,0.05,1000000,625.5532361651376,0.01775944267898577
arxiv_nomic_100k,71_natural_source_order,43_natural_source_order,32,0.05,10000000,624.9273419651377,0.016741128496690072
arxiv_nomic_100k,71_natural_source_order,43_natural_source_order,64,0.05,1000,1972.0627849462367,2.2098611932723107
arxiv_nomic_100k,71_natural_source_order,43_natural_source_order,64,0.05,10000,757.5820849462366,0.2330912351015979
arxiv_nomic_100k,71_natural_source_order,43_natural_source_order,64,0.05,100000,636.1340149462366,0.035414239284526694
arxiv_nomic_100k,71_natural_source_order,43_natural_source_order,64,0.05,1000000,623.9892079462365,0.015646539702819595
arxiv_nomic_100k,71_natural_source_order,43_natural_source_order,64,0.05,10000000,622.7747272462366,0.013669769744648841
arxiv_nomic_100k,71_natural_source_order,43_natural_source_order,128,0.05,1000,3284.679524590164,4.311211424784625
arxiv_nomic_100k,71_natural_source_order,43_natural_source_order,128,0.05,10000,903.7376245901639,0.4613119973492379
arxiv_nomic_100k,71_natural_source_order,43_natural_source_order,128,0.05,100000,665.643434590164,0.0763220546056993
arxiv_nomic_100k,71_natural_source_order,43_natural_source_order,128,0.05,1000000,641.834015590164,0.037823060331345415
arxiv_nomic_100k,71_natural_source_order,43_natural_source_order,128,0.05,10000000,639.4530736901639,0.03397316090390978
arxiv_nomic_100k,71_natural_source_order,43_natural_source_order,128,0.01,1000,3683.3844426229507,4.955903273691186
arxiv_nomic_100k,71_natural_source_order,43_natural_source_order,128,0.01,10000,1302.4425426229507,1.1060038462557982
arxiv_nomic_100k,71_natural_source_order,43_natural_source_order,128,0.01,100000,1064.3483526229506,0.7210139035122596
arxiv_nomic_100k,71_natural_source_order,43_natural_source_order,128,0.01,1000000,1040.5389336229507,0.6825149092379057
arxiv_nomic_100k,71_natural_source_order,43_natural_source_order,128,0.01,10000000,1038.1579917229508,0.6786650098104705
arxiv_nomic_100k,71_natural_source_order,59_cluster_block_order,32,0.05,1000,1727.5939633027524,1.7795731471504275
arxiv_nomic_100k,71_natural_source_order,59_cluster_block_order,32,0.05,10000,1099.8997633027523,0.7696587922712446
arxiv_nomic_100k,71_natural_source_order,59_cluster_block_order,32,0.05,100000,1037.1303433027524,0.6686673567833263
arxiv_nomic_100k,71_natural_source_order,59_cluster_block_order,32,0.05,1000000,1030.8534013027522,0.6585682132345343
arxiv_nomic_100k,71_natural_source_order,59_cluster_block_order,32,0.05,10000000,1030.2257071027523,0.6575582988796551
arxiv_nomic_100k,71_natural_source_order,59_cluster_block_order,64,0.05,1000,2387.4791612903227,2.8529445490434258
arxiv_nomic_100k,71_natural_source_order,59_cluster_block_order,64,0.05,10000,1162.7285612903227,0.8764262930024729
arxiv_nomic_100k,71_natural_source_order,59_cluster_block_order,64,0.05,100000,1040.2535012903227,0.6787744673983778
arxiv_nomic_100k,71_natural_source_order,59_cluster_block_order,64,0.05,1000000,1028.0059952903227,0.6590092848379683
arxiv_nomic_100k,71_natural_source_order,59_cluster_block_order,64,0.05,10000000,1026.7812446903226,0.6570327665819271
arxiv_nomic_100k,71_natural_source_order,59_cluster_block_order,128,0.05,1000,3512.7671803278686,4.666502657675526
arxiv_nomic_100k,71_natural_source_order,59_cluster_block_order,128,0.05,10000,1107.3209803278687,0.7862377310591036
arxiv_nomic_100k,71_natural_source_order,59_cluster_block_order,128,0.05,100000,866.7763603278688,0.3982112383974614
arxiv_nomic_100k,71_natural_source_order,59_cluster_block_order,128,0.05,1000000,842.7218983278689,0.35940858913129725
arxiv_nomic_100k,71_natural_source_order,59_cluster_block_order,128,0.05,10000000,840.3164521278688,0.3555283242046807
arxiv_nomic_100k,71_natural_source_order,59_cluster_block_order,128,0.01,1000,3729.373737704918,5.015914266825334
arxiv_nomic_100k,71_natural_source_order,59_cluster_block_order,128,0.01,10000,1323.927537704918,1.135649340208912
arxiv_nomic_100k,71_natural_source_order,59_cluster_block_order,128,0.01,100000,1083.382917704918,0.7476228475472699
arxiv_nomic_100k,71_natural_source_order,59_cluster_block_order,128,0.01,1000000,1059.328455704918,0.7088201982811055
arxiv_nomic_100k,71_natural_source_order,59_cluster_block_order,128,0.01,10000000,1056.923009504918,0.7049399333544888
arxiv_nomic_100k,71_natural_source_order,59_natural_source_order,32,0.05,1000,1317.1679357798166,1.1330179470798853
arxiv_nomic_100k,71_natural_source_order,59_natural_source_order,32,0.05,10000,693.7874357798165,0.12351736766257115
arxiv_nomic_100k,71_natural_source_order,59_natural_source_order,32,0.05,100000,631.4493857798166,0.022567309720839646
arxiv_nomic_100k,71_natural_source_order,59_natural_source_order,32,0.05,1000000,625.2155807798165,0.01247230392666654
arxiv_nomic_100k,71_natural_source_order,59_natural_source_order,32,0.05,10000000,624.5922002798166,0.01146280334724925
arxiv_nomic_100k,71_natural_source_order,59_natural_source_order,64,0.05,1000,1969.7507311827958,2.199182997004916
arxiv_nomic_100k,71_natural_source_order,59_natural_source_order,64,0.05,10000,756.7073311827957,0.22901095519599002
arxiv_nomic_100k,71_natural_source_order,59_natural_source_order,64,0.05,100000,635.4029911827956,0.03199375101509738
arxiv_nomic_100k,71_natural_source_order,59_natural_source_order,64,0.05,1000000,623.2725571827957,0.012292030597008452
arxiv_nomic_100k,71_natural_source_order,59_natural_source_order,64,0.05,10000000,622.0595137827956,0.010321858555199404
arxiv_nomic_100k,71_natural_source_order,59_natural_source_order,128,0.05,1000,3281.4058524590164,4.3092252828136814
arxiv_nomic_100k,71_natural_source_order,59_natural_source_order,128,0.05,10000,899.9725524590164,0.45613107436043654
arxiv_nomic_100k,71_natural_source_order,59_natural_source_order,128,0.05,100000,661.8292224590164,0.07082165351511205
arxiv_nomic_100k,71_natural_source_order,59_natural_source_order,128,0.05,1000000,638.0148894590163,0.03229071143057949
arxiv_nomic_100k,71_natural_source_order,59_natural_source_order,128,0.05,10000000,635.6334561590163,0.028437617222126343
arxiv_nomic_100k,71_natural_source_order,59_natural_source_order,128,0.01,1000,3680.077983606557,4.95426593106375
arxiv_nomic_100k,71_natural_source_order,59_natural_source_order,128,0.01,10000,1298.6446836065575,1.1011717226105064
arxiv_nomic_100k,71_natural_source_order,59_natural_source_order,128,0.01,100000,1060.5013536065574,0.7158623017651817
arxiv_nomic_100k,71_natural_source_order,59_natural_source_order,128,0.01,1000000,1036.6870206065573,0.6773313596806492
arxiv_nomic_100k,71_natural_source_order,59_natural_source_order,128,0.01,10000000,1034.3055873065573,0.673478265472196
arxiv_nomic_100k,71_natural_source_order,71_cluster_block_order,32,0.05,1000,1747.468009174312,1.7631760259962572
arxiv_nomic_100k,71_natural_source_order,71_cluster_block_order,32,0.05,10000,1111.386709174312,0.7573752963022067
arxiv_nomic_100k,71_natural_source_order,71_cluster_block_order,32,0.05,100000,1047.778579174312,0.6567952233328014
arxiv_nomic_100k,71_natural_source_order,71_cluster_block_order,32,0.05,1000000,1041.417766174312,0.6467372160358609
arxiv_nomic_100k,71_natural_source_order,71_cluster_block_order,32,0.05,10000000,1040.781684874312,0.6457314153061671
arxiv_nomic_100k,71_natural_source_order,71_cluster_block_order,64,0.05,1000,2200.373,2.498597020028894
arxiv_nomic_100k,71_natural_source_order,71_cluster_block_order,64,0.05,10000,960.7373,0.5275740316803585
arxiv_nomic_100k,71_natural_source_order,71_cluster_block_order,64,0.05,100000,836.77373,0.3304717328455049
arxiv_nomic_100k,71_natural_source_order,71_cluster_block_order,64,0.05,1000000,824.377373,0.31076150296201965
arxiv_nomic_100k,71_natural_source_order,71_cluster_block_order,64,0.05,10000000,823.1377373,0.30879047997367115
arxiv_nomic_100k,71_natural_source_order,71_cluster_block_order,128,0.05,1000,3541.876983606557,4.608309002180459
arxiv_nomic_100k,71_natural_source_order,71_cluster_block_order,128,0.05,10000,1116.9745836065574,0.7686494029695776
arxiv_nomic_100k,71_natural_source_order,71_cluster_block_order,128,0.05,100000,874.4843436065573,0.38468344304848934
arxiv_nomic_100k,71_natural_source_order,71_cluster_block_order,128,0.05,1000000,850.2353196065574,0.34628684705638046
arxiv_nomic_100k,71_natural_source_order,71_cluster_block_order,128,0.05,10000000,847.8104172065573,0.3424471874571695
arxiv_nomic_100k,71_natural_source_order,71_cluster_block_order,128,0.01,1000,3759.254032786885,4.952510019727962
arxiv_nomic_100k,71_natural_source_order,71_cluster_block_order,128,0.01,10000,1334.3516327868854,1.1128504205170806
arxiv_nomic_100k,71_natural_source_order,71_cluster_block_order,128,0.01,100000,1091.8613927868853,0.7288844605959923
arxiv_nomic_100k,71_natural_source_order,71_cluster_block_order,128,0.01,1000000,1067.6123687868853,0.6904878646038834
arxiv_nomic_100k,71_natural_source_order,71_cluster_block_order,128,0.01,10000000,1065.1874663868853,0.6866482050046725
glove100_100k,43_cluster_block_order,43_natural_source_order,32,0.05,1000,6275.293321100918,0.03510227886642325
glove100_100k,43_cluster_block_order,43_natural_source_order,32,0.05,10000,5409.576121100918,-0.10769675867986461
glove100_100k,43_cluster_block_order,43_natural_source_order,32,0.05,100000,5323.004401100918,-0.12197666243449334
glove100_100k,43_cluster_block_order,43_natural_source_order,32,0.05,1000000,5314.3472291009175,-0.12340465280995627
glove100_100k,43_cluster_block_order,43_natural_source_order,32,0.05,10000000,5313.481511900917,-0.1235474518475026
glove100_100k,43_cluster_block_order,43_natural_source_order,64,0.05,1000,7108.517645161291,0.16140515883647288
glove100_100k,43_cluster_block_order,43_natural_source_order,64,0.05,10000,5395.874345161291,-0.11841024898215524
glove100_100k,43_cluster_block_order,43_natural_source_order,64,0.05,100000,5224.610015161291,-0.146391789764018
glove100_100k,43_cluster_block_order,43_natural_source_order,64,0.05,1000000,5207.4835821612905,-0.1491899438422044
glove100_100k,43_cluster_block_order,43_natural_source_order,64,0.05,10000000,5205.770938861291,-0.14946975925002293
glove100_100k,43_cluster_block_order,43_natural_source_order,128,0.05,1000,9533.799327868852,0.5918566878937304
glove100_100k,43_cluster_block_order,43_natural_source_order,128,0.05,10000,5962.942227868853,-0.004368653196856087
glove100_100k,43_cluster_block_order,43_natural_source_order,128,0.05,100000,5605.856517868852,-0.0639911873059148
glove100_100k,43_cluster_block_order,43_natural_source_order,128,0.05,1000000,5570.147946868852,-0.06995344071682064
glove100_100k,43_cluster_block_order,43_natural_source_order,128,0.05,10000000,5566.577089768852,-0.07054966605791124
glove100_100k,43_cluster_block_order,43_natural_source_order,128,0.01,1000,10347.307524590164,0.727687999113144
glove100_100k,43_cluster_block_order,43_natural_source_order,128,0.01,10000,6776.450424590164,0.1314626580225573
glove100_100k,43_cluster_block_order,43_natural_source_order,128,0.01,100000,6419.364714590164,0.0718401239134987
glove100_100k,43_cluster_block_order,43_natural_source_order,128,0.01,1000000,6383.656143590164,0.06587787050259286
glove100_100k,43_cluster_block_order,43_natural_source_order,128,0.01,10000000,6380.0852864901635,0.06528164516150214
glove100_100k,43_cluster_block_order,59_cluster_block_order,32,0.05,1000,6459.679449541284,0.04213745429303217
glove100_100k,43_cluster_block_order,59_cluster_block_order,32,0.05,10000,5578.273449541284,-0.10005941665291418
glove100_100k,43_cluster_block_order,59_cluster_block_order,32,0.05,100000,5490.132849541284,-0.11427910374750894
glove100_100k,43_cluster_block_order,59_cluster_block_order,32,0.05,1000000,5481.318789541284,-0.11570107245696837
glove100_100k,43_cluster_block_order,59_cluster_block_order,32,0.05,10000000,5480.437383541284,-0.11584326932791422
glove100_100k,43_cluster_block_order,59_cluster_block_order,64,0.05,1000,6525.1323010752685,0.03855013075206393
glove100_100k,43_cluster_block_order,59_cluster_block_order,64,0.05,10000,4802.147101075268,-0.23568285368091024
glove100_100k,43_cluster_block_order,59_cluster_block_order,64,0.05,100000,4629.848581075269,-0.2631061521242076
glove100_100k,43_cluster_block_order,59_cluster_block_order,64,0.05,1000000,4612.618729075269,-0.2658484819685374
glove100_100k,43_cluster_block_order,59_cluster_block_order,64,0.05,10000000,4610.895743875269,-0.26612271495297035
glove100_100k,43_cluster_block_order,59_cluster_block_order,128,0.05,1000,8292.12068852459,0.353301286630441
glove100_100k,43_cluster_block_order,59_cluster_block_order,128,0.05,10000,4648.162888524591,-0.24140457504274038
glove100_100k,43_cluster_block_order,59_cluster_block_order,128,0.05,100000,4283.76710852459,-0.30087516121005864
glove100_100k,43_cluster_block_order,59_cluster_block_order,128,0.05,1000000,4247.327530524591,-0.30682221982679037
glove100_100k,43_cluster_block_order,59_cluster_block_order,128,0.05,10000000,4243.683572724591,-0.30741692568846357
glove100_100k,43_cluster_block_order,59_cluster_block_order,128,0.01,1000,9328.78462295082,0.5224882399997861
glove100_100k,43_cluster_block_order,59_cluster_block_order,128,0.01,10000,5684.82682295082,-0.0722176216733953
glove100_100k,43_cluster_block_order,59_cluster_block_order,128,0.01,100000,5320.43104295082,-0.13168820784071356
glove100_100k,43_cluster_block_order,59_cluster_block_order,128,0.01,1000000,5283.99146495082,-0.13763526645744528
glove100_100k,43_cluster_block_order,59_cluster_block_order,128,0.01,10000000,5280.34750715082,-0.1382299723191185
glove100_100k,43_cluster_block_order,59_natural_source_order,32,0.05,1000,6302.1136788990825,0.04013856443304431
glove100_100k,43_cluster_block_order,59_natural_source_order,32,0.05,10000,5438.564578899082,-0.10238674801869119
glove100_100k,43_cluster_block_order,59_natural_source_order,32,0.05,100000,5352.209668899082,-0.11663927926386475
glove100_100k,43_cluster_block_order,59_natural_source_order,32,0.05,1000000,5343.574177899082,-0.1180645323883821
glove100_100k,43_cluster_block_order,59_natural_source_order,32,0.05,10000000,5342.710628799083,-0.11820705770083373
glove100_100k,43_cluster_block_order,59_natural_source_order,64,0.05,1000,7257.413483870968,0.18565814145907011
glove100_100k,43_cluster_block_order,59_natural_source_order,64,0.05,10000,5551.033283870967,-0.09311660123003307
glove100_100k,43_cluster_block_order,59_natural_source_order,64,0.05,100000,5380.395263870968,-0.12099407549894337
glove100_100k,43_cluster_block_order,59_natural_source_order,64,0.05,1000000,5363.331461870967,-0.1237818229258344
glove100_100k,43_cluster_block_order,59_natural_source_order,64,0.05,10000000,5361.625081670968,-0.1240605976685234
glove100_100k,43_cluster_block_order,59_natural_source_order,128,0.05,1000,9521.341704918033,0.5887329539315409
glove100_100k,43_cluster_block_order,59_natural_source_order,128,0.05,10000,5965.348104918034,-0.004620839197374993
glove100_100k,43_cluster_block_order,59_natural_source_order,128,0.05,100000,5609.7487449180335,-0.06395621851026656
glove100_100k,43_cluster_block_order,59_natural_source_order,128,0.05,1000000,5574.188808918033,-0.06988975644155582
glove100_100k,43_cluster_block_order,59_natural_source_order,128,0.05,10000000,5570.632815318033,-0.07048311023468479
glove100_100k,43_cluster_block_order,59_natural_source_order,128,0.01,1000,10336.136786885245,0.7246898219382862
glove100_100k,43_cluster_block_order,59_natural_source_order,128,0.01,10000,6780.143186885245,0.13133602880937034
glove100_100k,43_cluster_block_order,59_natural_source_order,128,0.01,100000,6424.543826885246,0.07200064949647889
glove100_100k,43_cluster_block_order,59_natural_source_order,128,0.01,1000000,6388.983890885245,0.06606711156518963
glove100_100k,43_cluster_block_order,59_natural_source_order,128,0.01,10000000,6385.427897285245,0.06547375777206077
glove100_100k,43_cluster_block_order,71_cluster_block_order,32,0.05,1000,6250.414917431193,0.010247456755011486
glove100_100k,43_cluster_block_order,71_cluster_block_order,32,0.05,10000,5367.232317431193,-0.13250034275698797
glove100_100k,43_cluster_block_order,71_cluster_block_order,32,0.05,100000,5278.914057431193,-0.14677512270818782
glove100_100k,43_cluster_block_order,71_cluster_block_order,32,0.05,1000000,5270.082231431193,-0.14820260070330793
glove100_100k,43_cluster_block_order,71_cluster_block_order,32,0.05,10000000,5269.199048831193,-0.14834534850281988
glove100_100k,43_cluster_block_order,71_cluster_block_order,64,0.05,1000,6530.905075268817,0.04152681222482779
glove100_100k,43_cluster_block_order,71_cluster_block_order,64,0.05,10000,4799.211475268817,-0.23463786850036228
glove100_100k,43_cluster_block_order,71_cluster_block_order,64,0.05,100000,4626.042115268817,-0.26225433657288133
glove100_100k,43_cluster_block_order,71_cluster_block_order,64,0.05,1000000,4608.725179268817,-0.2650159833801332
glove100_100k,43_cluster_block_order,71_cluster_block_order,64,0.05,10000000,4606.993485668817,-0.26529214806085843
glove100_100k,43_cluster_block_order,71_cluster_block_order,128,0.05,1000,7974.622475409837,0.3027846483874943
glove100_100k,43_cluster_block_order,71_cluster_block_order,128,0.05,10000,4323.942575409836,-0.29361345629549496
glove100_100k,43_cluster_block_order,71_cluster_block_order,128,0.05,100000,3958.874585409836,-0.35325326676379376
glove100_100k,43_cluster_block_order,71_cluster_block_order,128,0.05,1000000,3922.367786409836,-0.3592172478106237
glove100_100k,43_cluster_block_order,71_cluster_block_order,128,0.05,10000000,3918.717106509836,-0.3598136459153066
glove100_100k,43_cluster_block_order,71_cluster_block_order,128,0.01,1000,9099.884770491803,0.486614597449343
glove100_100k,43_cluster_block_order,71_cluster_block_order,128,0.01,10000,5449.2048704918025,-0.10978350723364616
glove100_100k,43_cluster_block_order,71_cluster_block_order,128,0.01,100000,5084.136880491803,-0.16942331770194496
glove100_100k,43_cluster_block_order,71_cluster_block_order,128,0.01,1000000,5047.630081491803,-0.1753872987487748
glove100_100k,43_cluster_block_order,71_cluster_block_order,128,0.01,10000000,5043.979401591803,-0.17598369685345783
glove100_100k,43_cluster_block_order,71_natural_source_order,32,0.05,1000,6326.103935779816,0.04104470385395231
glove100_100k,43_cluster_block_order,71_natural_source_order,32,0.05,10000,5457.981035779816,-0.10181648788647857
glove100_100k,43_cluster_block_order,71_natural_source_order,32,0.05,100000,5371.168745779816,-0.11610260706052167
glove100_100k,43_cluster_block_order,71_natural_source_order,32,0.05,1000000,5362.487516779816,-0.11753121897792584
glove100_100k,43_cluster_block_order,71_natural_source_order,32,0.05,10000000,5361.619393879816,-0.1176740801696664
glove100_100k,43_cluster_block_order,71_natural_source_order,64,0.05,1000,7316.1650322580645,0.1917519192471191
glove100_100k,43_cluster_block_order,71_natural_source_order,64,0.05,10000,5604.782632258064,-0.08702025863201435
glove100_100k,43_cluster_block_order,71_natural_source_order,64,0.05,100000,5433.644392258065,-0.11489747641992754
glove100_100k,43_cluster_block_order,71_natural_source_order,64,0.05,1000000,5416.530568258065,-0.11768519819871892
glove100_100k,43_cluster_block_order,71_natural_source_order,64,0.05,10000000,5414.819185858064,-0.11796397037659812
glove100_100k,43_cluster_block_order,71_natural_source_order,128,0.05,1000,9587.76868852459,0.5971650474831538
glove100_100k,43_cluster_block_order,71_natural_source_order,128,0.05,10000,6008.927688524591,0.0009888211479249787
glove100_100k,43_cluster_block_order,71_natural_source_order,128,0.05,100000,5651.043588524591,-0.0586288014855979
glove100_100k,43_cluster_block_order,71_natural_source_order,128,0.05,1000000,5615.2551785245905,-0.06459056374895022
glove100_100k,43_cluster_block_order,71_natural_source_order,128,0.05,10000000,5611.67633752459,-0.06518673997528546
glove100_100k,43_cluster_block_order,71_natural_source_order,128,0.01,1000,10370.33426229508,0.7275276399063306
glove100_100k,43_cluster_block_order,71_natural_source_order,128,0.01,10000,6791.493262295082,0.1313514135711018
glove100_100k,43_cluster_block_order,71_natural_source_order,128,0.01,100000,6433.609162295082,0.07173379093757903
glove100_100k,43_cluster_block_order,71_natural_source_order,128,0.01,1000000,6397.820752295082,0.06577202867422671
glove100_100k,43_cluster_block_order,71_natural_source_order,128,0.01,10000000,6394.241911295081,0.06517585244789137
glove100_100k,43_natural_source_order,43_cluster_block_order,32,0.05,1000,6392.12066972477,0.03554972225215414
glove100_100k,43_natural_source_order,43_cluster_block_order,32,0.05,10000,5514.87536972477,-0.10656760839597379
glove100_100k,43_natural_source_order,43_cluster_block_order,32,0.05,100000,5427.15083972477,-0.12077934146078662
glove100_100k,43_natural_source_order,43_cluster_block_order,32,0.05,1000000,5418.37838672477,-0.12220051476726779
glove100_100k,43_natural_source_order,43_cluster_block_order,32,0.05,10000000,5417.50114142477,-0.12234263209791596
glove100_100k,43_natural_source_order,43_cluster_block_order,64,0.05,1000,7859.832075268817,0.2561813371507524
glove100_100k,43_natural_source_order,43_cluster_block_order,64,0.05,10000,6150.254175268817,-0.017048400052243284
glove100_100k,43_natural_source_order,43_cluster_block_order,64,0.05,100000,5979.296385268817,-0.044371373772542744
glove100_100k,43_natural_source_order,43_cluster_block_order,64,0.05,1000000,5962.200606268817,-0.04710367114457281
glove100_100k,43_natural_source_order,43_cluster_block_order,64,0.05,10000000,5960.491028368817,-0.04737690088177582
glove100_100k,43_natural_source_order,43_cluster_block_order,128,0.05,1000,9196.061836065574,0.5089522036720469
glove100_100k,43_natural_source_order,43_cluster_block_order,128,0.05,10000,5578.825036065574,-0.08458854647354641
glove100_100k,43_natural_source_order,43_cluster_block_order,128,0.05,100000,5217.101356065574,-0.14394262148810577
glove100_100k,43_natural_source_order,43_cluster_block_order,128,0.05,1000000,5180.928988065573,-0.1498780289895617
glove100_100k,43_natural_source_order,43_cluster_block_order,128,0.05,10000000,5177.311751265574,-0.15047156973970732
glove100_100k,43_natural_source_order,43_cluster_block_order,128,0.01,1000,10042.76675409836,0.6478852898888916
glove100_100k,43_natural_source_order,43_cluster_block_order,128,0.01,10000,6425.529954098361,0.054344539743298226
glove100_100k,43_natural_source_order,43_cluster_block_order,128,0.01,100000,6063.8062740983605,-0.005009535271261023
glove100_100k,43_natural_source_order,43_cluster_block_order,128,0.01,1000000,6027.63390609836,-0.01094494277271707
glove100_100k,43_natural_source_order,43_cluster_block_order,128,0.01,10000000,6024.01666929836,-0.011538483522862575
glove100_100k,43_natural_source_order,59_cluster_block_order,32,0.05,1000,6421.2069724770645,0.03593070523973352
glove100_100k,43_natural_source_order,59_cluster_block_order,32,0.05,10000,5539.8009724770645,-0.10626616570621283
glove100_100k,43_natural_source_order,59_cluster_block_order,32,0.05,100000,5451.660372477064,-0.12048585280080759
glove100_100k,43_natural_source_order,59_cluster_block_order,32,0.05,1000000,5442.846312477064,-0.12190782151026702
glove100_100k,43_natural_source_order,59_cluster_block_order,32,0.05,10000000,5441.964906477065,-0.12205001838121288
glove100_100k,43_natural_source_order,59_cluster_block_order,64,0.05,1000,7903.648430107527,0.25795688604718037
glove100_100k,43_natural_source_order,59_cluster_block_order,64,0.05,10000,6180.663230107527,-0.016276098385793913
glove100_100k,43_natural_source_order,59_cluster_block_order,64,0.05,100000,6008.364710107528,-0.043699396829091186
glove100_100k,43_natural_source_order,59_cluster_block_order,64,0.05,1000000,5991.134858107527,-0.04644172667342106
glove100_100k,43_natural_source_order,59_cluster_block_order,64,0.05,10000000,5989.411872907527,-0.04671595965785402
glove100_100k,43_natural_source_order,59_cluster_block_order,128,0.05,1000,9255.522327868852,0.5105315932118137
glove100_100k,43_natural_source_order,59_cluster_block_order,128,0.05,10000,5611.564527868853,-0.08417426846136755
glove100_100k,43_natural_source_order,59_cluster_block_order,128,0.05,100000,5247.168747868852,-0.14364485462868581
glove100_100k,43_natural_source_order,59_cluster_block_order,128,0.05,1000000,5210.729169868852,-0.14959191324541754
glove100_100k,43_natural_source_order,59_cluster_block_order,128,0.05,10000000,5207.085212068852,-0.15018661910709075
glove100_100k,43_natural_source_order,59_cluster_block_order,128,0.01,1000,10107.440360655737,0.6495674096429058
glove100_100k,43_natural_source_order,59_cluster_block_order,128,0.01,10000,6463.482560655738,0.05486154796972453
glove100_100k,43_natural_source_order,59_cluster_block_order,128,0.01,100000,6099.086780655737,-0.004609038197593729
glove100_100k,43_natural_source_order,59_cluster_block_order,128,0.01,1000000,6062.647202655738,-0.010556096814325455
glove100_100k,43_natural_source_order,59_cluster_block_order,128,0.01,10000000,6059.003244855738,-0.011150802675998661
glove100_100k,43_natural_source_order,59_natural_source_order,32,0.05,1000,6872.976064220184,0.13435710954510904
glove100_100k,43_natural_source_order,59_natural_source_order,32,0.05,10000,6009.426964220183,-0.008168202906626454
glove100_100k,43_natural_source_order,59_natural_source_order,32,0.05,100000,5923.072054220183,-0.022420734151800015
glove100_100k,43_natural_source_order,59_natural_source_order,32,0.05,1000000,5914.436563220183,-0.02384598727631737
glove100_100k,43_natural_source_order,59_natural_source_order,32,0.05,10000000,5913.573014120184,-0.023988512588768995
glove100_100k,43_natural_source_order,59_natural_source_order,64,0.05,1000,7148.762946236559,0.16790768603766693
glove100_100k,43_natural_source_order,59_natural_source_order,64,0.05,10000,5442.382746236559,-0.11086705665143626
glove100_100k,43_natural_source_order,59_natural_source_order,64,0.05,100000,5271.7447262365595,-0.13874453092034644
glove100_100k,43_natural_source_order,59_natural_source_order,64,0.05,1000000,5254.680924236559,-0.14153227834723758
glove100_100k,43_natural_source_order,59_natural_source_order,64,0.05,10000000,5252.97454403656,-0.1418110530899266
glove100_100k,43_natural_source_order,59_natural_source_order,128,0.05,1000,7390.735147540983,0.23321952373723076
glove100_100k,43_natural_source_order,59_natural_source_order,128,0.05,10000,3834.7415475409834,-0.36013426939168514
glove100_100k,43_natural_source_order,59_natural_source_order,128,0.05,100000,3479.1421875409833,-0.4194696487045768
glove100_100k,43_natural_source_order,59_natural_source_order,128,0.05,1000000,3443.5822515409836,-0.42540318663586596
glove100_100k,43_natural_source_order,59_natural_source_order,128,0.05,10000000,3440.026257940983,-0.42599654042899493
glove100_100k,43_natural_source_order,59_natural_source_order,128,0.01,1000,9621.456459016394,0.605438121537138
glove100_100k,43_natural_source_order,59_natural_source_order,128,0.01,10000,6065.462859016394,0.012084328408222156
glove100_100k,43_natural_source_order,59_natural_source_order,128,0.01,100000,5709.863499016394,-0.04725105090466941
glove100_100k,43_natural_source_order,59_natural_source_order,128,0.01,1000000,5674.303563016393,-0.05318458883595867
glove100_100k,43_natural_source_order,59_natural_source_order,128,0.01,10000000,5670.747569416393,-0.05377794262908764
glove100_100k,43_natural_source_order,71_cluster_block_order,32,0.05,1000,6416.965376146789,0.037166818039263916
glove100_100k,43_natural_source_order,71_cluster_block_order,32,0.05,10000,5533.782776146789,-0.10558098147273554
glove100_100k,43_natural_source_order,71_cluster_block_order,32,0.05,100000,5445.464516146789,-0.1198557614239355
glove100_100k,43_natural_source_order,71_cluster_block_order,32,0.05,1000000,5436.632690146788,-0.1212832394190555
glove100_100k,43_natural_source_order,71_cluster_block_order,32,0.05,10000000,5435.749507546789,-0.12142598721856745
glove100_100k,43_natural_source_order,71_cluster_block_order,64,0.05,1000,7476.469591397849,0.19232226628312254
glove100_100k,43_natural_source_order,71_cluster_block_order,64,0.05,10000,5744.775991397849,-0.08384241444206764
glove100_100k,43_natural_source_order,71_cluster_block_order,64,0.05,100000,5571.606631397849,-0.11145888251458658
glove100_100k,43_natural_source_order,71_cluster_block_order,64,0.05,1000000,5554.289695397849,-0.11422052932183857
glove100_100k,43_natural_source_order,71_cluster_block_order,64,0.05,10000000,5552.558001797849,-0.11449669400256368
glove100_100k,43_natural_source_order,71_cluster_block_order,128,0.05,1000,9255.573295081967,0.5120488572392701
glove100_100k,43_natural_source_order,71_cluster_block_order,128,0.05,10000,5604.893395081966,-0.08434924744371908
glove100_100k,43_natural_source_order,71_cluster_block_order,128,0.05,100000,5239.825405081967,-0.143989057912018
glove100_100k,43_natural_source_order,71_cluster_block_order,128,0.05,1000000,5203.318606081967,-0.14995303895884782
glove100_100k,43_natural_source_order,71_cluster_block_order,128,0.05,10000000,5199.667926181967,-0.15054943706353074
glove100_100k,43_natural_source_order,71_cluster_block_order,128,0.01,1000,9715.089688524591,0.5871183548744758
glove100_100k,43_natural_source_order,71_cluster_block_order,128,0.01,10000,6064.40978852459,-0.009279749808513316
glove100_100k,43_natural_source_order,71_cluster_block_order,128,0.01,100000,5699.341798524591,-0.06891956027681212
glove100_100k,43_natural_source_order,71_cluster_block_order,128,0.01,1000000,5662.834999524591,-0.07488354132364194
glove100_100k,43_natural_source_order,71_cluster_block_order,128,0.01,10000000,5659.184319624591,-0.07547993942832498
glove100_100k,43_natural_source_order,71_natural_source_order,32,0.05,1000,6895.200266055046,0.1346970887388863
glove100_100k,43_natural_source_order,71_natural_source_order,32,0.05,10000,6027.077366055046,-0.008164103001544465
glove100_100k,43_natural_source_order,71_natural_source_order,32,0.05,100000,5940.265076055046,-0.022450222175587564
glove100_100k,43_natural_source_order,71_natural_source_order,32,0.05,1000000,5931.583847055046,-0.023878834092991852
glove100_100k,43_natural_source_order,71_natural_source_order,32,0.05,10000000,5930.715724155046,-0.024021695284732303
glove100_100k,43_natural_source_order,71_natural_source_order,64,0.05,1000,7176.42847311828,0.16898981480994957
glove100_100k,43_natural_source_order,71_natural_source_order,64,0.05,10000,5465.046073118279,-0.10978236306918399
glove100_100k,43_natural_source_order,71_natural_source_order,64,0.05,100000,5293.90783311828,-0.13765958085709729
glove100_100k,43_natural_source_order,71_natural_source_order,64,0.05,1000000,5276.79400911828,-0.14044730263588856
glove100_100k,43_natural_source_order,71_natural_source_order,64,0.05,10000000,5275.082626718279,-0.14072607481376787
glove100_100k,43_natural_source_order,71_natural_source_order,128,0.05,1000,8032.93262295082,0.33815485447829974
glove100_100k,43_natural_source_order,71_natural_source_order,128,0.05,10000,4454.09162295082,-0.2580213718569291
glove100_100k,43_natural_source_order,71_natural_source_order,128,0.05,100000,4096.20752295082,-0.3176389944904521
glove100_100k,43_natural_source_order,71_natural_source_order,128,0.05,1000000,4060.41911295082,-0.3236007567538044
glove100_100k,43_natural_source_order,71_natural_source_order,128,0.05,10000000,4056.84027195082,-0.32419693298013963
glove100_100k,43_natural_source_order,71_natural_source_order,128,0.01,1000,9657.186721311475,0.6087289534589992
glove100_100k,43_natural_source_order,71_natural_source_order,128,0.01,10000,6078.345721311476,0.012552727123770424
glove100_100k,43_natural_source_order,71_natural_source_order,128,0.01,100000,5720.461621311476,-0.04706489550975246
glove100_100k,43_natural_source_order,71_natural_source_order,128,0.01,1000000,5684.673211311476,-0.05302665777310478
glove100_100k,43_natural_source_order,71_natural_source_order,128,0.01,10000000,5681.094370311475,-0.05362283399944012
glove100_100k,59_cluster_block_order,43_cluster_block_order,32,0.05,1000,6195.460119266055,0.003689907813724913
glove100_100k,59_cluster_block_order,43_cluster_block_order,32,0.05,10000,5318.214819266055,-0.1384274228344028
glove100_100k,59_cluster_block_order,43_cluster_block_order,32,0.05,100000,5230.490289266055,-0.15263915589921562
glove100_100k,59_cluster_block_order,43_cluster_block_order,32,0.05,1000000,5221.717836266055,-0.1540603292056969
glove100_100k,59_cluster_block_order,43_cluster_block_order,32,0.05,10000000,5220.840590966055,-0.15420244653634507
glove100_100k,59_cluster_block_order,43_cluster_block_order,64,0.05,1000,6384.869709677419,0.020448540455821895
glove100_100k,59_cluster_block_order,43_cluster_block_order,64,0.05,10000,4675.291809677419,-0.2527811967471739
glove100_100k,59_cluster_block_order,43_cluster_block_order,64,0.05,100000,4504.33401967742,-0.2801041704674734
glove100_100k,59_cluster_block_order,43_cluster_block_order,64,0.05,1000000,4487.2382406774195,-0.28283646783950345
glove100_100k,59_cluster_block_order,43_cluster_block_order,64,0.05,10000000,4485.528662777419,-0.28310969757670645
glove100_100k,59_cluster_block_order,43_cluster_block_order,128,0.05,1000,9169.840524590163,0.5046496330239445
glove100_100k,59_cluster_block_order,43_cluster_block_order,128,0.05,10000,5552.603724590164,-0.08889111712164877
glove100_100k,59_cluster_block_order,43_cluster_block_order,128,0.05,100000,5190.880044590164,-0.14824519213620813
glove100_100k,59_cluster_block_order,43_cluster_block_order,128,0.05,1000000,5154.707676590164,-0.15418059963766417
glove100_100k,59_cluster_block_order,43_cluster_block_order,128,0.05,10000000,5151.090439790164,-0.15477414038780968
glove100_100k,59_cluster_block_order,43_cluster_block_order,128,0.01,1000,10327.570032786885,0.6946177436991348
glove100_100k,59_cluster_block_order,43_cluster_block_order,128,0.01,10000,6710.333232786886,0.10107699355354138
glove100_100k,59_cluster_block_order,43_cluster_block_order,128,0.01,100000,6348.609552786886,0.04172291853898202
glove100_100k,59_cluster_block_order,43_cluster_block_order,128,0.01,1000000,6312.437184786885,0.03578751103752609
glove100_100k,59_cluster_block_order,43_cluster_block_order,128,0.01,10000000,6308.819947986885,0.03519397028738047
glove100_100k,59_cluster_block_order,43_natural_source_order,32,0.05,1000,6272.36671559633,0.03461953871833234
glove100_100k,59_cluster_block_order,43_natural_source_order,32,0.05,10000,5406.64951559633,-0.10817949882795541
glove100_100k,59_cluster_block_order,43_natural_source_order,32,0.05,100000,5320.07779559633,-0.12245940258258414
glove100_100k,59_cluster_block_order,43_natural_source_order,32,0.05,1000000,5311.42062359633,-0.12388739295804707
glove100_100k,59_cluster_block_order,43_natural_source_order,32,0.05,10000000,5310.55490639633,-0.1240301919955934
glove100_100k,59_cluster_block_order,43_natural_source_order,64,0.05,1000,7106.721946236559,0.16111177361904727
glove100_100k,59_cluster_block_order,43_natural_source_order,64,0.05,10000,5394.0786462365595,-0.11870363419958097
glove100_100k,59_cluster_block_order,43_natural_source_order,64,0.05,100000,5222.8143162365595,-0.14668517498144373
glove100_100k,59_cluster_block_order,43_natural_source_order,64,0.05,1000000,5205.687883236559,-0.14948332905963013
glove100_100k,59_cluster_block_order,43_natural_source_order,64,0.05,10000000,5203.97523993656,-0.14976314446744865
glove100_100k,59_cluster_block_order,43_natural_source_order,128,0.05,1000,9883.823918032787,0.6503002281464572
glove100_100k,59_cluster_block_order,43_natural_source_order,128,0.05,10000,6312.966818032787,0.05407488705587049
glove100_100k,59_cluster_block_order,43_natural_source_order,128,0.05,100000,5955.881108032787,-0.0055476470531881095
glove100_100k,59_cluster_block_order,43_natural_source_order,128,0.05,1000000,5920.172537032787,-0.011509900464094058
glove100_100k,59_cluster_block_order,43_natural_source_order,128,0.05,10000000,5916.601679932786,-0.012106125805184664
glove100_100k,59_cluster_block_order,43_natural_source_order,128,0.01,1000,10523.50424590164,0.7571075326651806
glove100_100k,59_cluster_block_order,43_natural_source_order,128,0.01,10000,6952.64714590164,0.16088219157459394
glove100_100k,59_cluster_block_order,43_natural_source_order,128,0.01,100000,6595.56143590164,0.10125965746553511
glove100_100k,59_cluster_block_order,43_natural_source_order,128,0.01,1000000,6559.85286490164,0.09529740405462928
glove100_100k,59_cluster_block_order,43_natural_source_order,128,0.01,10000000,6556.282007801639,0.09470117871353856
glove100_100k,59_cluster_block_order,59_natural_source_order,32,0.05,1000,6297.705422018348,0.03941099933073078
glove100_100k,59_cluster_block_order,59_natural_source_order,32,0.05,10000,5434.156322018348,-0.10311431312100461
glove100_100k,59_cluster_block_order,59_natural_source_order,32,0.05,100000,5347.801412018348,-0.11736684436617817
glove100_100k,59_cluster_block_order,59_natural_source_order,32,0.05,1000000,5339.165921018348,-0.11879209749069553
glove100_100k,59_cluster_block_order,59_natural_source_order,32,0.05,10000000,5338.302371918348,-0.11893462280314715
glove100_100k,59_cluster_block_order,59_natural_source_order,64,0.05,1000,7304.967247311828,0.19342709480670273
glove100_100k,59_cluster_block_order,59_natural_source_order,64,0.05,10000,5598.587047311828,-0.08534764788240023
glove100_100k,59_cluster_block_order,59_natural_source_order,64,0.05,100000,5427.949027311828,-0.11322512215131053
glove100_100k,59_cluster_block_order,59_natural_source_order,64,0.05,1000000,5410.8852253118275,-0.11601286957820167
glove100_100k,59_cluster_block_order,59_natural_source_order,64,0.05,10000000,5409.178845111828,-0.11629164432089067
glove100_100k,59_cluster_block_order,59_natural_source_order,128,0.05,1000,9873.16137704918,0.6474376537815034
glove100_100k,59_cluster_block_order,59_natural_source_order,128,0.05,10000,6317.167777049181,0.05408386065258752
glove100_100k,59_cluster_block_order,59_natural_source_order,128,0.05,100000,5961.56841704918,-0.005251518660304044
glove100_100k,59_cluster_block_order,59_natural_source_order,128,0.05,1000000,5926.00848104918,-0.011185056591593301
glove100_100k,59_cluster_block_order,59_natural_source_order,128,0.05,10000000,5922.45248744918,-0.011778410384722271
glove100_100k,59_cluster_block_order,59_natural_source_order,128,0.01,1000,10516.202360655738,0.7547355990759774
glove100_100k,59_cluster_block_order,59_natural_source_order,128,0.01,10000,6960.208760655738,0.16138180594706153
glove100_100k,59_cluster_block_order,59_natural_source_order,128,0.01,100000,6604.609400655738,0.10204642663417007
glove100_100k,59_cluster_block_order,59_natural_source_order,128,0.01,1000000,6569.049464655737,0.09611288870288082
glove100_100k,59_cluster_block_order,59_natural_source_order,128,0.01,10000000,6565.493471055737,0.09551953490975174
glove100_100k,59_cluster_block_order,71_cluster_block_order,32,0.05,1000,6219.965376146789,0.005325932016527757
glove100_100k,59_cluster_block_order,71_cluster_block_order,32,0.05,10000,5336.782776146789,-0.1374218674954718
glove100_100k,59_cluster_block_order,71_cluster_block_order,32,0.05,100000,5248.464516146789,-0.15169664744667177
glove100_100k,59_cluster_block_order,71_cluster_block_order,32,0.05,1000000,5239.632690146788,-0.15312412544179188
glove100_100k,59_cluster_block_order,71_cluster_block_order,32,0.05,10000000,5238.749507546789,-0.15326687324130372
glove100_100k,59_cluster_block_order,71_cluster_block_order,64,0.05,1000,6430.528731182796,0.02551912990915839
glove100_100k,59_cluster_block_order,71_cluster_block_order,64,0.05,10000,4698.8351311827955,-0.2506455508160317
glove100_100k,59_cluster_block_order,71_cluster_block_order,64,0.05,100000,4525.665771182796,-0.27826201888855073
glove100_100k,59_cluster_block_order,71_cluster_block_order,64,0.05,1000000,4508.3488351827955,-0.2810236656958026
glove100_100k,59_cluster_block_order,71_cluster_block_order,64,0.05,10000000,4506.617141582796,-0.2812998303765277
glove100_100k,59_cluster_block_order,71_cluster_block_order,128,0.05,1000,8357.884770491803,0.3653967953421853
glove100_100k,59_cluster_block_order,71_cluster_block_order,128,0.05,10000,4707.2048704918025,-0.23100130934080376
glove100_100k,59_cluster_block_order,71_cluster_block_order,128,0.05,100000,4342.136880491803,-0.29064111980910257
glove100_100k,59_cluster_block_order,71_cluster_block_order,128,0.05,1000000,4305.630081491803,-0.2966051008559324
glove100_100k,59_cluster_block_order,71_cluster_block_order,128,0.05,10000000,4301.979401591803,-0.2972014989606153
glove100_100k,59_cluster_block_order,71_cluster_block_order,128,0.01,1000,10386.64706557377,0.6968282055951622
glove100_100k,59_cluster_block_order,71_cluster_block_order,128,0.01,10000,6735.96716557377,0.10043010091217308
glove100_100k,59_cluster_block_order,71_cluster_block_order,128,0.01,100000,6370.899175573771,0.04079029044387439
glove100_100k,59_cluster_block_order,71_cluster_block_order,128,0.01,1000000,6334.392376573771,0.03482630939704445
glove100_100k,59_cluster_block_order,71_cluster_block_order,128,0.01,10000000,6330.741696673771,0.034229911292361415
glove100_100k,59_cluster_block_order,71_natural_source_order,32,0.05,1000,7211.379165137615,0.18672853996095773
glove100_100k,59_cluster_block_order,71_natural_source_order,32,0.05,10000,6343.256265137615,0.04386734822052696
glove100_100k,59_cluster_block_order,71_natural_source_order,32,0.05,100000,6256.443975137615,0.02958122904648386
glove100_100k,59_cluster_block_order,71_natural_source_order,32,0.05,1000000,6247.762746137615,0.02815261712907957
glove100_100k,59_cluster_block_order,71_natural_source_order,32,0.05,10000000,6246.894623237615,0.02800975593733912
glove100_100k,59_cluster_block_order,71_natural_source_order,64,0.05,1000,7973.3424516129035,0.2988015070227892
glove100_100k,59_cluster_block_order,71_natural_source_order,64,0.05,10000,6261.960051612903,0.02002932914365574
glove100_100k,59_cluster_block_order,71_natural_source_order,64,0.05,100000,6090.821811612904,-0.00784788864425745
glove100_100k,59_cluster_block_order,71_natural_source_order,64,0.05,1000000,6073.707987612904,-0.010635610423048725
glove100_100k,59_cluster_block_order,71_natural_source_order,64,0.05,10000000,6071.996605212903,-0.01091438260092803
glove100_100k,59_cluster_block_order,71_natural_source_order,128,0.05,1000,9905.932622950819,0.6501659418459373
glove100_100k,59_cluster_block_order,71_natural_source_order,128,0.05,10000,6327.09162295082,0.053989715510708525
glove100_100k,59_cluster_block_order,71_natural_source_order,128,0.05,100000,5969.20752295082,-0.005627907122814357
glove100_100k,59_cluster_block_order,71_natural_source_order,128,0.05,1000000,5933.41911295082,-0.011589669386166679
glove100_100k,59_cluster_block_order,71_natural_source_order,128,0.05,10000000,5929.840271950819,-0.012185845612501911
glove100_100k,59_cluster_block_order,71_natural_source_order,128,0.01,1000,10549.99,0.7574553398919939
glove100_100k,59_cluster_block_order,71_natural_source_order,128,0.01,10000,6971.149,0.16127911355676483
glove100_100k,59_cluster_block_order,71_natural_source_order,128,0.01,100000,6613.2649,0.10166149092324184
glove100_100k,59_cluster_block_order,71_natural_source_order,128,0.01,1000000,6577.47649,0.09569972865988952
glove100_100k,59_cluster_block_order,71_natural_source_order,128,0.01,10000000,6573.897649,0.0951035524335544
glove100_100k,59_natural_source_order,43_cluster_block_order,32,0.05,1000,6353.905073394495,0.02935863916560444
glove100_100k,59_natural_source_order,43_cluster_block_order,32,0.05,10000,5476.6597733944955,-0.11275869148252327
glove100_100k,59_natural_source_order,43_cluster_block_order,32,0.05,100000,5388.935243394495,-0.1269704245473361
glove100_100k,59_natural_source_order,43_cluster_block_order,32,0.05,1000000,5380.1627903944955,-0.12839159785381726
glove100_100k,59_natural_source_order,43_cluster_block_order,32,0.05,10000000,5379.285545094495,-0.12853371518446544
glove100_100k,59_natural_source_order,43_cluster_block_order,64,0.05,1000,8143.595516129032,0.3015332397309476
glove100_100k,59_natural_source_order,43_cluster_block_order,64,0.05,10000,6434.017616129032,0.028303502527951663
glove100_100k,59_natural_source_order,43_cluster_block_order,64,0.05,100000,6263.059826129032,0.0009805288076523144
glove100_100k,59_natural_source_order,43_cluster_block_order,64,0.05,1000000,6245.964047129032,-0.0017517685643777536
glove100_100k,59_natural_source_order,43_cluster_block_order,64,0.05,10000000,6244.254469229032,-0.0020249983015807604
glove100_100k,59_natural_source_order,43_cluster_block_order,128,0.05,1000,9162.594622950819,0.5034606763334404
glove100_100k,59_natural_source_order,43_cluster_block_order,128,0.05,10000,5545.35782295082,-0.09008007381215288
glove100_100k,59_natural_source_order,43_cluster_block_order,128,0.05,100000,5183.63414295082,-0.14943414882671213
glove100_100k,59_natural_source_order,43_cluster_block_order,128,0.05,1000000,5147.46177495082,-0.15536955632816818
glove100_100k,59_natural_source_order,43_cluster_block_order,128,0.05,10000000,5143.84453815082,-0.1559630970783138
glove100_100k,59_natural_source_order,43_cluster_block_order,128,0.01,1000,10023.881508196722,0.6447864706412432
glove100_100k,59_natural_source_order,43_cluster_block_order,128,0.01,10000,6406.644708196722,0.051245720495649794
glove100_100k,59_natural_source_order,43_cluster_block_order,128,0.01,100000,6044.921028196722,-0.008108354518909677
glove100_100k,59_natural_source_order,43_cluster_block_order,128,0.01,1000000,6008.748660196721,-0.014043762020365613
glove100_100k,59_natural_source_order,43_cluster_block_order,128,0.01,10000000,6005.131423396721,-0.014637302770511229
glove100_100k,59_natural_source_order,43_natural_source_order,32,0.05,1000,5322.247449541284,-0.1221015207071311
glove100_100k,59_natural_source_order,43_natural_source_order,32,0.05,10000,4456.530249541284,-0.26490055825341896
glove100_100k,59_natural_source_order,43_natural_source_order,32,0.05,100000,4369.958529541284,-0.2791804620080477
glove100_100k,59_natural_source_order,43_natural_source_order,32,0.05,1000000,4361.301357541284,-0.2806084523835106
glove100_100k,59_natural_source_order,43_natural_source_order,32,0.05,10000000,4360.435640341284,-0.28075125142105695
glove100_100k,59_natural_source_order,43_natural_source_order,64,0.05,1000,6353.205817204301,0.03800066055593865
glove100_100k,59_natural_source_order,43_natural_source_order,64,0.05,10000,4640.562517204301,-0.2418147472626896
glove100_100k,59_natural_source_order,43_natural_source_order,64,0.05,100000,4469.298187204301,-0.26979628804455236
glove100_100k,59_natural_source_order,43_natural_source_order,64,0.05,1000000,4452.171754204301,-0.27259444212273876
glove100_100k,59_natural_source_order,43_natural_source_order,64,0.05,10000000,4450.459110904301,-0.2728742575305573
glove100_100k,59_natural_source_order,43_natural_source_order,128,0.05,1000,7619.463262295082,0.2722203536201655
glove100_100k,59_natural_source_order,43_natural_source_order,128,0.05,10000,4048.606162295082,-0.32400498747042106
glove100_100k,59_natural_source_order,43_natural_source_order,128,0.05,100000,3691.520452295082,-0.38362752157947966
glove100_100k,59_natural_source_order,43_natural_source_order,128,0.05,1000000,3655.811881295082,-0.3895897749903856
glove100_100k,59_natural_source_order,43_natural_source_order,128,0.05,10000000,3652.241024195082,-0.3901860003314761
glove100_100k,59_natural_source_order,43_natural_source_order,128,0.01,1000,9411.151786885246,0.5713782509501542
glove100_100k,59_natural_source_order,43_natural_source_order,128,0.01,10000,5840.294686885246,-0.024847090140432626
glove100_100k,59_natural_source_order,43_natural_source_order,128,0.01,100000,5483.208976885246,-0.08446962424949123
glove100_100k,59_natural_source_order,43_natural_source_order,128,0.01,1000000,5447.5004058852455,-0.09043187766039718
glove100_100k,59_natural_source_order,43_natural_source_order,128,0.01,10000000,5443.929548785245,-0.09102810300148778
glove100_100k,59_natural_source_order,59_cluster_block_order,32,0.05,1000,6382.404220183486,0.029670673018217686
glove100_100k,59_natural_source_order,59_cluster_block_order,32,0.05,10000,5500.998220183486,-0.11252619792772878
glove100_100k,59_natural_source_order,59_cluster_block_order,32,0.05,100000,5412.857620183486,-0.12674588502232353
glove100_100k,59_natural_source_order,59_cluster_block_order,32,0.05,1000000,5404.043560183486,-0.12816785373178297
glove100_100k,59_natural_source_order,59_cluster_block_order,32,0.05,10000000,5403.162154183487,-0.12831005060272882
glove100_100k,59_natural_source_order,59_cluster_block_order,64,0.05,1000,8186.03552688172,0.3029020523282082
glove100_100k,59_natural_source_order,59_cluster_block_order,64,0.05,10000,6463.05032688172,0.028669067895233935
glove100_100k,59_natural_source_order,59_cluster_block_order,64,0.05,100000,6290.751806881721,0.0012457694519367735
glove100_100k,59_natural_source_order,59_cluster_block_order,64,0.05,1000000,6273.52195488172,-0.0014965603923930981
glove100_100k,59_natural_source_order,59_cluster_block_order,64,0.05,10000000,6271.79896968172,-0.001770793376826063
glove100_100k,59_natural_source_order,59_cluster_block_order,128,0.05,1000,9220.0551147541,0.5047432277327857
glove100_100k,59_natural_source_order,59_cluster_block_order,128,0.05,10000,5576.097314754099,-0.08996263394039583
glove100_100k,59_natural_source_order,59_cluster_block_order,128,0.05,100000,5211.701534754098,-0.1494332201077142
glove100_100k,59_natural_source_order,59_cluster_block_order,128,0.05,1000000,5175.261956754099,-0.15538027872444593
glove100_100k,59_natural_source_order,59_cluster_block_order,128,0.05,10000000,5171.617998954099,-0.15597498458611903
glove100_100k,59_natural_source_order,59_cluster_block_order,128,0.01,1000,10526.145278688524,0.7179014252194549
glove100_100k,59_natural_source_order,59_cluster_block_order,128,0.01,10000,6882.187478688525,0.12319556354627359
glove100_100k,59_natural_source_order,59_cluster_block_order,128,0.01,100000,6517.791698688524,0.06372497737895522
glove100_100k,59_natural_source_order,59_cluster_block_order,128,0.01,1000000,6481.352120688524,0.0577779187622236
glove100_100k,59_natural_source_order,59_cluster_block_order,128,0.01,10000000,6477.708162888524,0.057183212900550284
glove100_100k,59_natural_source_order,71_cluster_block_order,32,0.05,1000,6381.534183486239,0.031440114652694584
glove100_100k,59_natural_source_order,71_cluster_block_order,32,0.05,10000,5498.351583486239,-0.11130768485930487
glove100_100k,59_natural_source_order,71_cluster_block_order,32,0.05,100000,5410.033323486239,-0.12558246481050483
glove100_100k,59_natural_source_order,71_cluster_block_order,32,0.05,1000000,5401.201497486239,-0.12700994280562494
glove100_100k,59_natural_source_order,71_cluster_block_order,32,0.05,10000000,5400.318314886239,-0.1271526906051369
glove100_100k,59_natural_source_order,71_cluster_block_order,64,0.05,1000,7868.770666666667,0.2548851245161041
glove100_100k,59_natural_source_order,71_cluster_block_order,64,0.05,10000,6137.077066666667,-0.021279556209085837
glove100_100k,59_natural_source_order,71_cluster_block_order,64,0.05,100000,5963.907706666667,-0.04889602428160489
glove100_100k,59_natural_source_order,71_cluster_block_order,64,0.05,1000000,5946.590770666667,-0.05165767108885677
glove100_100k,59_natural_source_order,71_cluster_block_order,64,0.05,10000000,5944.859077066667,-0.05193383576958188
glove100_100k,59_natural_source_order,71_cluster_block_order,128,0.05,1000,9224.909360655738,0.5070394034183732
glove100_100k,59_natural_source_order,71_cluster_block_order,128,0.05,10000,5574.229460655737,-0.08935870126461609
glove100_100k,59_natural_source_order,71_cluster_block_order,128,0.05,100000,5209.1614706557375,-0.1489985117329149
glove100_100k,59_natural_source_order,71_cluster_block_order,128,0.05,1000000,5172.654671655738,-0.15496249277974472
glove100_100k,59_natural_source_order,71_cluster_block_order,128,0.05,10000000,5169.003991755738,-0.15555889088442776
glove100_100k,59_natural_source_order,71_cluster_block_order,128,0.01,1000,10084.679852459016,0.647496936212151
glove100_100k,59_natural_source_order,71_cluster_block_order,128,0.01,10000,6433.999952459016,0.05109883152916206
glove100_100k,59_natural_source_order,71_cluster_block_order,128,0.01,100000,6068.931962459016,-0.008540978939136745
glove100_100k,59_natural_source_order,71_cluster_block_order,128,0.01,1000000,6032.425163459016,-0.01450495998596657
glove100_100k,59_natural_source_order,71_cluster_block_order,128,0.01,10000000,6028.7744835590165,-0.015101358090649608
glove100_100k,59_natural_source_order,71_natural_source_order,32,0.05,1000,6817.4479724770645,0.1219019127089691
glove100_100k,59_natural_source_order,71_natural_source_order,32,0.05,10000,5949.325072477064,-0.020959279031461775
glove100_100k,59_natural_source_order,71_natural_source_order,32,0.05,100000,5862.512782477064,-0.035245398205504874
glove100_100k,59_natural_source_order,71_natural_source_order,32,0.05,1000000,5853.8315534770645,-0.03667401012290916
glove100_100k,59_natural_source_order,71_natural_source_order,32,0.05,10000000,5852.963430577064,-0.03681687131464961
glove100_100k,59_natural_source_order,71_natural_source_order,64,0.05,1000,7101.385462365592,0.15676583521185727
glove100_100k,59_natural_source_order,71_natural_source_order,64,0.05,10000,5390.003062365591,-0.12200634266727628
glove100_100k,59_natural_source_order,71_natural_source_order,64,0.05,100000,5218.864822365592,-0.14988356045518947
glove100_100k,59_natural_source_order,71_natural_source_order,64,0.05,1000000,5201.750998365592,-0.15267128223398085
glove100_100k,59_natural_source_order,71_natural_source_order,64,0.05,10000000,5200.039615965591,-0.15295005441186005
glove100_100k,59_natural_source_order,71_natural_source_order,128,0.05,1000,7986.088360655738,0.33035136851160307
glove100_100k,59_natural_source_order,71_natural_source_order,128,0.05,10000,4407.247360655738,-0.2658248578236262
glove100_100k,59_natural_source_order,71_natural_source_order,128,0.05,100000,4049.363260655738,-0.32544248045714896
glove100_100k,59_natural_source_order,71_natural_source_order,128,0.05,1000000,4013.574850655738,-0.3314042427205013
glove100_100k,59_natural_source_order,71_natural_source_order,128,0.05,10000000,4009.996009655738,-0.3320004189468365
glove100_100k,59_natural_source_order,71_natural_source_order,128,0.01,1000,9627.719508196722,0.6038201989445156
glove100_100k,59_natural_source_order,71_natural_source_order,128,0.01,10000,6048.878508196722,0.007643972609286509
glove100_100k,59_natural_source_order,71_natural_source_order,128,0.01,100000,5690.994408196721,-0.051973650024236484
glove100_100k,59_natural_source_order,71_natural_source_order,128,0.01,1000000,5655.205998196721,-0.057935412287588806
glove100_100k,59_natural_source_order,71_natural_source_order,128,0.01,10000000,5651.627157196721,-0.05853158851392404
glove100_100k,71_cluster_block_order,43_cluster_block_order,32,0.05,1000,5401.895899082569,-0.12487074525599251
glove100_100k,71_cluster_block_order,43_cluster_block_order,32,0.05,10000,4524.650599082569,-0.2669880759041203
glove100_100k,71_cluster_block_order,43_cluster_block_order,32,0.05,100000,4436.926069082569,-0.28119980896893315
glove100_100k,71_cluster_block_order,43_cluster_block_order,32,0.05,1000000,4428.153616082569,-0.2826209822754143
glove100_100k,71_cluster_block_order,43_cluster_block_order,32,0.05,10000000,4427.276370782569,-0.2827630996060625
glove100_100k,71_cluster_block_order,43_cluster_block_order,64,0.05,1000,6393.982612903225,0.021904991287072795
glove100_100k,71_cluster_block_order,43_cluster_block_order,64,0.05,10000,4684.404712903225,-0.2513247459159229
glove100_100k,71_cluster_block_order,43_cluster_block_order,64,0.05,100000,4513.446922903226,-0.2786477196362225
glove100_100k,71_cluster_block_order,43_cluster_block_order,64,0.05,1000000,4496.351143903225,-0.28138001700825244
glove100_100k,71_cluster_block_order,43_cluster_block_order,64,0.05,10000000,4494.641566003225,-0.28165324674545544
glove100_100k,71_cluster_block_order,43_cluster_block_order,128,0.05,1000,8248.192983606557,0.35341945289162613
glove100_100k,71_cluster_block_order,43_cluster_block_order,128,0.05,10000,4630.956183606558,-0.24012129725396725
glove100_100k,71_cluster_block_order,43_cluster_block_order,128,0.05,100000,4269.232503606558,-0.2994753722685266
glove100_100k,71_cluster_block_order,43_cluster_block_order,128,0.05,1000000,4233.060135606557,-0.30541077976998265
glove100_100k,71_cluster_block_order,43_cluster_block_order,128,0.05,10000000,4229.442898806557,-0.30600432052012816
glove100_100k,71_cluster_block_order,43_cluster_block_order,128,0.01,1000,9299.070032786885,0.5258544873027764
glove100_100k,71_cluster_block_order,43_cluster_block_order,128,0.01,10000,5681.833232786886,-0.06768626284281687
glove100_100k,71_cluster_block_order,43_cluster_block_order,128,0.01,100000,5320.109552786886,-0.12704033785737623
glove100_100k,71_cluster_block_order,43_cluster_block_order,128,0.01,1000000,5283.937184786885,-0.13297574535883228
glove100_100k,71_cluster_block_order,43_cluster_block_order,128,0.01,10000000,5280.319947986885,-0.13356928610897778
glove100_100k,71_cluster_block_order,43_natural_source_order,32,0.05,1000,6262.1098348623855,0.03292767826201448
glove100_100k,71_cluster_block_order,43_natural_source_order,32,0.05,10000,5396.392634862385,-0.10987135928427338
glove100_100k,71_cluster_block_order,43_natural_source_order,32,0.05,100000,5309.8209148623855,-0.12415126303890223
glove100_100k,71_cluster_block_order,43_natural_source_order,32,0.05,1000000,5301.163742862385,-0.12557925341436516
glove100_100k,71_cluster_block_order,43_natural_source_order,32,0.05,10000000,5300.298025662385,-0.12572205245191148
glove100_100k,71_cluster_block_order,43_natural_source_order,64,0.05,1000,7123.146677419355,0.16379528211975214
glove100_100k,71_cluster_block_order,43_natural_source_order,64,0.05,10000,5410.503377419355,-0.11602012569887599
glove100_100k,71_cluster_block_order,43_natural_source_order,64,0.05,100000,5239.239047419355,-0.14400166648073887
glove100_100k,71_cluster_block_order,43_natural_source_order,64,0.05,1000000,5222.112614419355,-0.14679982055892515
glove100_100k,71_cluster_block_order,43_natural_source_order,64,0.05,10000000,5220.3999711193555,-0.14707963596674367
glove100_100k,71_cluster_block_order,43_natural_source_order,128,0.05,1000,9583.635393442622,0.6001778064272427
glove100_100k,71_cluster_block_order,43_natural_source_order,128,0.05,10000,6012.778293442623,0.0039524653366562745
glove100_100k,71_cluster_block_order,43_natural_source_order,128,0.05,100000,5655.692583442623,-0.055670068772402326
glove100_100k,71_cluster_block_order,43_natural_source_order,128,0.05,1000000,5619.984012442623,-0.061632322183308275
glove100_100k,71_cluster_block_order,43_natural_source_order,128,0.05,10000000,5616.413155342622,-0.06222854752439888
glove100_100k,71_cluster_block_order,43_natural_source_order,128,0.01,1000,10743.758344262294,0.7938833182102476
glove100_100k,71_cluster_block_order,43_natural_source_order,128,0.01,10000,7172.901244262295,0.19765797711966115
glove100_100k,71_cluster_block_order,43_natural_source_order,128,0.01,100000,6815.815534262295,0.13803544301060255
glove100_100k,71_cluster_block_order,43_natural_source_order,128,0.01,1000000,6780.106963262295,0.13207318959969672
glove100_100k,71_cluster_block_order,43_natural_source_order,128,0.01,10000000,6776.536106162294,0.131476964258606
glove100_100k,71_cluster_block_order,59_cluster_block_order,32,0.05,1000,6446.32623853211,0.03998318620025154
glove100_100k,71_cluster_block_order,59_cluster_block_order,32,0.05,10000,5564.9202385321105,-0.10221368474569492
glove100_100k,71_cluster_block_order,59_cluster_block_order,32,0.05,100000,5476.77963853211,-0.11643337184028968
glove100_100k,71_cluster_block_order,59_cluster_block_order,32,0.05,1000000,5467.96557853211,-0.11785534054974911
glove100_100k,71_cluster_block_order,59_cluster_block_order,32,0.05,10000000,5467.084172532111,-0.11799753742069496
glove100_100k,71_cluster_block_order,59_cluster_block_order,64,0.05,1000,6435.58929032258,0.024298326921233793
glove100_100k,71_cluster_block_order,59_cluster_block_order,64,0.05,10000,4712.60409032258,-0.24993465751174038
glove100_100k,71_cluster_block_order,59_cluster_block_order,64,0.05,100000,4540.305570322581,-0.27735795595503765
glove100_100k,71_cluster_block_order,59_cluster_block_order,64,0.05,1000000,4523.0757183225805,-0.2801002857993675
glove100_100k,71_cluster_block_order,59_cluster_block_order,64,0.05,10000000,4521.3527331225805,-0.2803745187838005
glove100_100k,71_cluster_block_order,59_cluster_block_order,128,0.05,1000,8306.432163934427,0.3556369663453436
glove100_100k,71_cluster_block_order,59_cluster_block_order,128,0.05,10000,4662.474363934427,-0.23906889532783782
glove100_100k,71_cluster_block_order,59_cluster_block_order,128,0.05,100000,4298.078583934426,-0.2985394814951561
glove100_100k,71_cluster_block_order,59_cluster_block_order,128,0.05,1000000,4261.639005934427,-0.3044865401118878
glove100_100k,71_cluster_block_order,59_cluster_block_order,128,0.05,10000000,4257.995048134427,-0.305081245973561
glove100_100k,71_cluster_block_order,59_cluster_block_order,128,0.01,1000,9360.464950819673,0.5276585733893042
glove100_100k,71_cluster_block_order,59_cluster_block_order,128,0.01,10000,5716.5071508196725,-0.0670472882838773
glove100_100k,71_cluster_block_order,59_cluster_block_order,128,0.01,100000,5352.111370819672,-0.12651787445119556
glove100_100k,71_cluster_block_order,59_cluster_block_order,128,0.01,1000000,5315.671792819672,-0.13246493306792728
glove100_100k,71_cluster_block_order,59_cluster_block_order,128,0.01,10000000,5312.027835019672,-0.1330596389296005
glove100_100k,71_cluster_block_order,59_natural_source_order,32,0.05,1000,6291.076981651376,0.038317001856388755
glove100_100k,71_cluster_block_order,59_natural_source_order,32,0.05,10000,5427.5278816513755,-0.10420831059534674
glove100_100k,71_cluster_block_order,59_natural_source_order,32,0.05,100000,5341.1729716513755,-0.1184608418405203
glove100_100k,71_cluster_block_order,59_natural_source_order,32,0.05,1000000,5332.5374806513755,-0.11988609496503766
glove100_100k,71_cluster_block_order,59_natural_source_order,32,0.05,10000000,5331.673931551376,-0.12002862027748928
glove100_100k,71_cluster_block_order,59_natural_source_order,64,0.05,1000,7308.1177849462365,0.1939418044349348
glove100_100k,71_cluster_block_order,59_natural_source_order,64,0.05,10000,5601.737584946237,-0.08483293825416816
glove100_100k,71_cluster_block_order,59_natural_source_order,64,0.05,100000,5431.099564946237,-0.11271041252307845
glove100_100k,71_cluster_block_order,59_natural_source_order,64,0.05,1000000,5414.035762946236,-0.11549815994996959
glove100_100k,71_cluster_block_order,59_natural_source_order,64,0.05,10000000,5412.329382746237,-0.1157769346926586
glove100_100k,71_cluster_block_order,59_natural_source_order,128,0.05,1000,9570.120393442623,0.5968721755150441
glove100_100k,71_cluster_block_order,59_natural_source_order,128,0.05,10000,6014.126793442623,0.003518382386128227
glove100_100k,71_cluster_block_order,59_natural_source_order,128,0.05,100000,5658.527433442623,-0.05581699692676334
glove100_100k,71_cluster_block_order,59_natural_source_order,128,0.05,1000000,5622.9674974426225,-0.0617505348580526
glove100_100k,71_cluster_block_order,59_natural_source_order,128,0.05,10000000,5619.411503842623,-0.06234388865118157
glove100_100k,71_cluster_block_order,59_natural_source_order,128,0.01,1000,10732.694163934426,0.7908594640505175
glove100_100k,71_cluster_block_order,59_natural_source_order,128,0.01,10000,7176.700563934426,0.19750567092160165
glove100_100k,71_cluster_block_order,59_natural_source_order,128,0.01,100000,6821.101203934427,0.1381702916087102
glove100_100k,71_cluster_block_order,59_natural_source_order,128,0.01,1000000,6785.541267934426,0.13223675367742094
glove100_100k,71_cluster_block_order,59_natural_source_order,128,0.01,10000000,6781.985274334426,0.13164339988429208
glove100_100k,71_cluster_block_order,71_natural_source_order,32,0.05,1000,6314.736963302752,0.039174117057366065
glove100_100k,71_cluster_block_order,71_natural_source_order,32,0.05,10000,5446.614063302752,-0.1036870746830647
glove100_100k,71_cluster_block_order,71_natural_source_order,32,0.05,100000,5359.801773302752,-0.1179731938571078
glove100_100k,71_cluster_block_order,71_natural_source_order,32,0.05,1000000,5351.120544302752,-0.1194018057745121
glove100_100k,71_cluster_block_order,71_natural_source_order,32,0.05,10000000,5350.252421402752,-0.11954466696625254
glove100_100k,71_cluster_block_order,71_natural_source_order,64,0.05,1000,7334.272559139785,0.19470150824886545
glove100_100k,71_cluster_block_order,71_natural_source_order,64,0.05,10000,5622.890159139784,-0.0840706696302681
glove100_100k,71_cluster_block_order,71_natural_source_order,64,0.05,100000,5451.751919139785,-0.11194788741818129
glove100_100k,71_cluster_block_order,71_natural_source_order,64,0.05,1000000,5434.638095139785,-0.11473560919697268
glove100_100k,71_cluster_block_order,71_natural_source_order,64,0.05,10000000,5432.926712739784,-0.11501438137485187
glove100_100k,71_cluster_block_order,71_natural_source_order,128,0.05,1000,9604.088360655736,0.5998836372573784
glove100_100k,71_cluster_block_order,71_natural_source_order,128,0.05,10000,6025.247360655738,0.0037074109221495455
glove100_100k,71_cluster_block_order,71_natural_source_order,128,0.05,100000,5667.363260655738,-0.05591021171137345
glove100_100k,71_cluster_block_order,71_natural_source_order,128,0.05,1000000,5631.5748506557375,-0.06187197397472566
glove100_100k,71_cluster_block_order,71_natural_source_order,128,0.05,10000000,5627.996009655737,-0.062468150201061
glove100_100k,71_cluster_block_order,71_natural_source_order,128,0.01,1000,10765.629344262295,0.7933773186867206
glove100_100k,71_cluster_block_order,71_natural_source_order,128,0.01,10000,7186.788344262295,0.19720109235149152
glove100_100k,71_cluster_block_order,71_natural_source_order,128,0.01,100000,6828.904244262295,0.13758346971796853
glove100_100k,71_cluster_block_order,71_natural_source_order,128,0.01,1000000,6793.115834262295,0.1316217074546162
glove100_100k,71_cluster_block_order,71_natural_source_order,128,0.01,10000000,6789.536993262294,0.13102553122828087
glove100_100k,71_natural_source_order,43_cluster_block_order,32,0.05,1000,7251.946357798165,0.17484500444024986
glove100_100k,71_natural_source_order,43_cluster_block_order,32,0.05,10000,6374.7010577981655,0.03272767379212205
glove100_100k,71_natural_source_order,43_cluster_block_order,32,0.05,100000,6286.976527798165,0.01851594072730922
glove100_100k,71_natural_source_order,43_cluster_block_order,32,0.05,1000000,6278.2040747981655,0.01709476742082794
glove100_100k,71_natural_source_order,43_cluster_block_order,32,0.05,10000000,6277.326829498165,0.016952650090179766
glove100_100k,71_natural_source_order,43_cluster_block_order,64,0.05,1000,7898.444978494624,0.262352564212726
glove100_100k,71_natural_source_order,43_cluster_block_order,64,0.05,10000,6188.8670784946235,-0.010877172990269801
glove100_100k,71_natural_source_order,43_cluster_block_order,64,0.05,100000,6017.909288494624,-0.03820014671056926
glove100_100k,71_natural_source_order,43_cluster_block_order,64,0.05,1000000,6000.813509494624,-0.04093244408259922
glove100_100k,71_natural_source_order,43_cluster_block_order,64,0.05,10000000,5999.103931594624,-0.041205673819802224
glove100_100k,71_natural_source_order,43_cluster_block_order,128,0.05,1000,9290.938885245901,0.5245202734600387
glove100_100k,71_natural_source_order,43_cluster_block_order,128,0.05,10000,5673.702085245902,-0.06902047668555455
glove100_100k,71_natural_source_order,43_cluster_block_order,128,0.05,100000,5311.978405245902,-0.12837455170011391
glove100_100k,71_natural_source_order,43_cluster_block_order,128,0.05,1000000,5275.806037245901,-0.13430995920156996
glove100_100k,71_natural_source_order,43_cluster_block_order,128,0.05,10000000,5272.1888004459015,-0.13490349995171547
glove100_100k,71_natural_source_order,43_cluster_block_order,128,0.01,1000,10068.406098360656,0.652092367409137
glove100_100k,71_natural_source_order,43_cluster_block_order,128,0.01,10000,6451.169298360656,0.05855161726354363
glove100_100k,71_natural_source_order,43_cluster_block_order,128,0.01,100000,6089.445618360656,-0.0008024577510157282
glove100_100k,71_natural_source_order,43_cluster_block_order,128,0.01,1000000,6053.273250360656,-0.006737865252471775
glove100_100k,71_natural_source_order,43_cluster_block_order,128,0.01,10000000,6049.656013560656,-0.00733140600261728
glove100_100k,71_natural_source_order,43_natural_source_order,32,0.05,1000,5936.47680733945,-0.020785107996083574
glove100_100k,71_natural_source_order,43_natural_source_order,32,0.05,10000,5070.75960733945,-0.16358414554237144
glove100_100k,71_natural_source_order,43_natural_source_order,32,0.05,100000,4984.18788733945,-0.17786404929700017
glove100_100k,71_natural_source_order,43_natural_source_order,32,0.05,1000000,4975.53071533945,-0.1792920396724631
glove100_100k,71_natural_source_order,43_natural_source_order,32,0.05,10000000,4974.664998139449,-0.17943483871000943
glove100_100k,71_natural_source_order,43_natural_source_order,64,0.05,1000,6955.88323655914,0.13646741535529028
glove100_100k,71_natural_source_order,43_natural_source_order,64,0.05,10000,5243.23993655914,-0.14334799246333774
glove100_100k,71_natural_source_order,43_natural_source_order,64,0.05,100000,5071.97560655914,-0.17132953324520062
glove100_100k,71_natural_source_order,43_natural_source_order,64,0.05,1000000,5054.84917355914,-0.1741276873233869
glove100_100k,71_natural_source_order,43_natural_source_order,64,0.05,10000000,5053.13653025914,-0.17440750273120542
glove100_100k,71_natural_source_order,43_natural_source_order,128,0.05,1000,8225.00424590164,0.37332741822242865
glove100_100k,71_natural_source_order,43_natural_source_order,128,0.05,10000,4654.14714590164,-0.22289792286815802
glove100_100k,71_natural_source_order,43_natural_source_order,128,0.05,100000,4297.06143590164,-0.2825204569772167
glove100_100k,71_natural_source_order,43_natural_source_order,128,0.05,1000000,4261.35286490164,-0.2884827103881227
glove100_100k,71_natural_source_order,43_natural_source_order,128,0.05,10000000,4257.782007801639,-0.2890789357292133
glove100_100k,71_natural_source_order,43_natural_source_order,128,0.01,1000,9905.791131147542,0.6539680896053082
glove100_100k,71_natural_source_order,43_natural_source_order,128,0.01,10000,6334.934031147542,0.0577427485147215
glove100_100k,71_natural_source_order,43_natural_source_order,128,0.01,100000,5977.848321147541,-0.0018797855943372133
glove100_100k,71_natural_source_order,43_natural_source_order,128,0.01,1000000,5942.139750147541,-0.007842039005243051
glove100_100k,71_natural_source_order,43_natural_source_order,128,0.01,10000000,5938.568893047541,-0.008438264346333768
glove100_100k,71_natural_source_order,59_cluster_block_order,32,0.05,1000,7280.385871559633,0.17454168704871198
glove100_100k,71_natural_source_order,59_cluster_block_order,32,0.05,10000,6398.9798715596335,0.03234481610276552
glove100_100k,71_natural_source_order,59_cluster_block_order,32,0.05,100000,6310.839271559633,0.01812512900817076
glove100_100k,71_natural_source_order,59_cluster_block_order,32,0.05,1000000,6302.025211559633,0.016703160298711328
glove100_100k,71_natural_source_order,59_cluster_block_order,32,0.05,10000000,6301.143805559634,0.016560963427765474
glove100_100k,71_natural_source_order,59_cluster_block_order,64,0.05,1000,8245.669935483871,0.3123935568668794
glove100_100k,71_natural_source_order,59_cluster_block_order,64,0.05,10000,6522.684735483871,0.03816057243390514
glove100_100k,71_natural_source_order,59_cluster_block_order,64,0.05,100000,6350.386215483872,0.010737273990607754
glove100_100k,71_natural_source_order,59_cluster_block_order,64,0.05,1000000,6333.156363483871,0.007994944146278105
glove100_100k,71_natural_source_order,59_cluster_block_order,64,0.05,10000000,6331.433378283871,0.00772071116184514
glove100_100k,71_natural_source_order,59_cluster_block_order,128,0.05,1000,9347.817409836065,0.5255944532288832
glove100_100k,71_natural_source_order,59_cluster_block_order,128,0.05,10000,5703.859609836066,-0.06911140844429808
glove100_100k,71_natural_source_order,59_cluster_block_order,128,0.05,100000,5339.463829836065,-0.12858199461161635
glove100_100k,71_natural_source_order,59_cluster_block_order,128,0.05,1000000,5303.024251836066,-0.13452905322834807
glove100_100k,71_natural_source_order,59_cluster_block_order,128,0.05,10000000,5299.380294036066,-0.13512375909002128
glove100_100k,71_natural_source_order,59_cluster_block_order,128,0.01,1000,10130.858393442622,0.6533893093825833
glove100_100k,71_natural_source_order,59_cluster_block_order,128,0.01,10000,6486.900593442623,0.058683447709401815
glove100_100k,71_natural_source_order,59_cluster_block_order,128,0.01,100000,6122.504813442622,-0.0007871384579163365
glove100_100k,71_natural_source_order,59_cluster_block_order,128,0.01,1000000,6086.065235442623,-0.006734197074648063
glove100_100k,71_natural_source_order,59_cluster_block_order,128,0.01,10000000,6082.421277642623,-0.007328902936321269
glove100_100k,71_natural_source_order,59_natural_source_order,32,0.05,1000,7473.292577981651,0.2334369403199772
glove100_100k,71_natural_source_order,59_natural_source_order,32,0.05,10000,6609.743477981651,0.0909116278682418
glove100_100k,71_natural_source_order,59_natural_source_order,32,0.05,100000,6523.388567981651,0.07665909662306825
glove100_100k,71_natural_source_order,59_natural_source_order,32,0.05,1000000,6514.753076981651,0.07523384349855089
glove100_100k,71_natural_source_order,59_natural_source_order,32,0.05,10000000,6513.889527881652,0.07509131818609927
glove100_100k,71_natural_source_order,59_natural_source_order,64,0.05,1000,6948.811333333333,0.1352411915264391
glove100_100k,71_natural_source_order,59_natural_source_order,64,0.05,10000,5242.4311333333335,-0.14353355116266397
glove100_100k,71_natural_source_order,59_natural_source_order,64,0.05,100000,5071.793113333333,-0.17141102543157438
glove100_100k,71_natural_source_order,59_natural_source_order,64,0.05,1000000,5054.729311333333,-0.17419877285846552
glove100_100k,71_natural_source_order,59_natural_source_order,64,0.05,10000000,5053.022931133333,-0.17447754760115453
glove100_100k,71_natural_source_order,59_natural_source_order,128,0.05,1000,8217.251540983607,0.3711322120875169
glove100_100k,71_natural_source_order,59_natural_source_order,128,0.05,10000,4661.257940983607,-0.222221581041399
glove100_100k,71_natural_source_order,59_natural_source_order,128,0.05,100000,4305.658580983607,-0.2815569603542907
glove100_100k,71_natural_source_order,59_natural_source_order,128,0.05,1000000,4270.098644983606,-0.28749049828557993
glove100_100k,71_natural_source_order,59_natural_source_order,128,0.05,10000000,4266.542651383606,-0.2880838520787088
glove100_100k,71_natural_source_order,59_natural_source_order,128,0.01,1000,10218.767934426229,0.7051056320787361
glove100_100k,71_natural_source_order,59_natural_source_order,128,0.01,10000,6662.774334426229,0.11175183894982021
glove100_100k,71_natural_source_order,59_natural_source_order,128,0.01,100000,6307.17497442623,0.05241645963692876
glove100_100k,71_natural_source_order,59_natural_source_order,128,0.01,1000000,6271.615038426229,0.0464829217056395
glove100_100k,71_natural_source_order,59_natural_source_order,128,0.01,10000000,6268.059044826229,0.04588956791251042
glove100_100k,71_natural_source_order,71_cluster_block_order,32,0.05,1000,7274.85528440367,0.17582658854110678
glove100_100k,71_natural_source_order,71_cluster_block_order,32,0.05,10000,6391.67268440367,0.033078789029107325
glove100_100k,71_natural_source_order,71_cluster_block_order,32,0.05,100000,6303.35442440367,0.018804009077907358
glove100_100k,71_natural_source_order,71_cluster_block_order,32,0.05,1000000,6294.52259840367,0.01737653108278736
glove100_100k,71_natural_source_order,71_cluster_block_order,32,0.05,10000000,6293.63941580367,0.017233783283275406
glove100_100k,71_natural_source_order,71_cluster_block_order,64,0.05,1000,7941.964215053764,0.26655778584687684
glove100_100k,71_natural_source_order,71_cluster_block_order,64,0.05,10000,6210.270615053763,-0.009606894878313343
glove100_100k,71_natural_source_order,71_cluster_block_order,64,0.05,100000,6037.101255053763,-0.037223362950832284
glove100_100k,71_natural_source_order,71_cluster_block_order,64,0.05,1000000,6019.784319053763,-0.03998500975808428
glove100_100k,71_natural_source_order,71_cluster_block_order,64,0.05,10000000,6018.0526254537635,-0.04026117443880939
glove100_100k,71_natural_source_order,71_cluster_block_order,128,0.05,1000,9348.327393442623,0.5272017520367227
glove100_100k,71_natural_source_order,71_cluster_block_order,128,0.05,10000,5697.647493442622,-0.06919635264626656
glove100_100k,71_natural_source_order,71_cluster_block_order,128,0.05,100000,5332.579503442623,-0.12883616311456536
glove100_100k,71_natural_source_order,71_cluster_block_order,128,0.05,1000000,5296.072704442623,-0.13480014416139519
glove100_100k,71_natural_source_order,71_cluster_block_order,128,0.05,10000000,5292.422024542623,-0.13539654226607822
glove100_100k,71_natural_source_order,71_cluster_block_order,128,0.01,1000,10126.237229508197,0.654286011558836
glove100_100k,71_natural_source_order,71_cluster_block_order,128,0.01,10000,6475.557329508197,0.057887906875846884
glove100_100k,71_natural_source_order,71_cluster_block_order,128,0.01,100000,6110.489339508197,-0.00175190359245192
glove100_100k,71_natural_source_order,71_cluster_block_order,128,0.01,1000000,6073.982540508197,-0.007715884639281745
glove100_100k,71_natural_source_order,71_cluster_block_order,128,0.01,10000000,6070.3318606081975,-0.008312282743964672
sift_100k,43_cluster_block_order,43_natural_source_order,32,0.05,1000,1510.2635045871561,1.6300911799714015
sift_100k,43_cluster_block_order,43_natural_source_order,32,0.05,10000,914.321304587156,0.592270747158115
sift_100k,43_cluster_block_order,43_natural_source_order,32,0.05,100000,854.727084587156,0.48848870387678645
sift_100k,43_cluster_block_order,43_natural_source_order,32,0.05,1000000,848.767662587156,0.4781104995486536
sift_100k,43_cluster_block_order,43_natural_source_order,32,0.05,10000000,848.171720387156,0.4770726791158404
sift_100k,43_cluster_block_order,43_natural_source_order,64,0.05,1000,2110.6814623655914,2.666122724938133
sift_100k,43_cluster_block_order,43_natural_source_order,64,0.05,10000,980.4326623655915,0.7029506952420974
sift_100k,43_cluster_block_order,43_natural_source_order,64,0.05,100000,867.4077823655914,0.5066334922724938
sift_100k,43_cluster_block_order,43_natural_source_order,64,0.05,1000000,856.1052943655915,0.4870017719755335
sift_100k,43_cluster_block_order,43_natural_source_order,64,0.05,10000000,854.9750455655915,0.48503859994583753
sift_100k,43_cluster_block_order,43_natural_source_order,128,0.05,1000,3347.1129672131146,4.865127644600204
sift_100k,43_cluster_block_order,43_natural_source_order,128,0.05,10000,1105.1850672131147,0.9366097151803283
sift_100k,43_cluster_block_order,43_natural_source_order,128,0.05,100000,880.9922772131148,0.5437579222383409
sift_100k,43_cluster_block_order,43_natural_source_order,128,0.05,1000000,858.5729982131148,0.504472742944142
sift_100k,43_cluster_block_order,43_natural_source_order,128,0.05,10000000,856.3310703131148,0.5005442250147221
sift_100k,43_cluster_block_order,43_natural_source_order,128,0.01,1000,3566.776901639344,5.2500435488272545
sift_100k,43_cluster_block_order,43_natural_source_order,128,0.01,10000,1324.8490016393444,1.32152561940738
sift_100k,43_cluster_block_order,43_natural_source_order,128,0.01,100000,1100.6562116393443,0.9286738264653922
sift_100k,43_cluster_block_order,43_natural_source_order,128,0.01,1000000,1078.2369326393443,0.8893886471711934
sift_100k,43_cluster_block_order,43_natural_source_order,128,0.01,10000000,1075.9950047393443,0.8854601292417734
sift_100k,43_cluster_block_order,59_cluster_block_order,32,0.05,1000,1333.1770550458714,1.3217731532150472
sift_100k,43_cluster_block_order,59_cluster_block_order,32,0.05,10000,740.1571550458716,0.28900884187989817
sift_100k,43_cluster_block_order,59_cluster_block_order,32,0.05,100000,680.8551650458716,0.18573241074638314
sift_100k,43_cluster_block_order,59_cluster_block_order,32,0.05,1000000,674.9249660458715,0.1754047676330317
sift_100k,43_cluster_block_order,59_cluster_block_order,32,0.05,10000000,674.3319461458716,0.17437200332169667
sift_100k,43_cluster_block_order,59_cluster_block_order,64,0.05,1000,1905.1617956989248,2.3014095364090332
sift_100k,43_cluster_block_order,59_cluster_block_order,64,0.05,10000,780.1806956989246,0.351956560706566
sift_100k,43_cluster_block_order,59_cluster_block_order,64,0.05,100000,667.6825856989246,0.1570112631363194
sift_100k,43_cluster_block_order,59_cluster_block_order,64,0.05,1000000,656.4327746989247,0.13751673337929482
sift_100k,43_cluster_block_order,59_cluster_block_order,64,0.05,10000000,655.3077935989247,0.13556728040359234
sift_100k,43_cluster_block_order,59_cluster_block_order,128,0.05,1000,3137.322262295082,4.465328002513101
sift_100k,43_cluster_block_order,59_cluster_block_order,128,0.05,10000,903.542062295082,0.5740027072951324
sift_100k,43_cluster_block_order,59_cluster_block_order,128,0.05,100000,680.164042295082,0.1848701777733357
sift_100k,43_cluster_block_order,59_cluster_block_order,128,0.05,1000000,657.826240295082,0.14595692482115585
sift_100k,43_cluster_block_order,59_cluster_block_order,128,0.05,10000000,655.592460095082,0.1420655995259379
sift_100k,43_cluster_block_order,59_cluster_block_order,128,0.01,1000,3331.8960327868854,4.804282495395029
sift_100k,43_cluster_block_order,59_cluster_block_order,128,0.01,10000,1098.1158327868852,0.9129572001770594
sift_100k,43_cluster_block_order,59_cluster_block_order,128,0.01,100000,874.7378127868852,0.5238246706552625
sift_100k,43_cluster_block_order,59_cluster_block_order,128,0.01,1000000,852.4000107868852,0.4849114177030829
sift_100k,43_cluster_block_order,59_cluster_block_order,128,0.01,10000000,850.1662305868851,0.4810200924078647
sift_100k,43_cluster_block_order,59_natural_source_order,32,0.05,1000,1736.0714678899083,2.0007499028725926
sift_100k,43_cluster_block_order,59_natural_source_order,32,0.05,10000,1137.2924678899083,0.965777518771358
sift_100k,43_cluster_block_order,59_natural_source_order,32,0.05,100000,1077.4145678899083,0.8622802803612346
sift_100k,43_cluster_block_order,59_natural_source_order,32,0.05,1000000,1071.4267778899084,0.8519305565202224
sift_100k,43_cluster_block_order,59_natural_source_order,32,0.05,10000000,1070.8279988899083,0.850895584136121
sift_100k,43_cluster_block_order,59_natural_source_order,64,0.05,1000,2116.754129032258,2.6512345058471123
sift_100k,43_cluster_block_order,59_natural_source_order,64,0.05,10000,981.639929032258,0.6932517253850932
sift_100k,43_cluster_block_order,59_natural_source_order,64,0.05,100000,868.1285090322581,0.4974534473388914
sift_100k,43_cluster_block_order,59_natural_source_order,64,0.05,1000000,856.7773670322581,0.4778736195342712
sift_100k,43_cluster_block_order,59_natural_source_order,64,0.05,10000000,855.642252832258,0.4759156367538091
sift_100k,43_cluster_block_order,59_natural_source_order,128,0.05,1000,3355.4610983606553,4.832425115404343
sift_100k,43_cluster_block_order,59_natural_source_order,128,0.05,10000,1107.0747983606557,0.9243050863395452
sift_100k,43_cluster_block_order,59_natural_source_order,128,0.05,100000,882.2361683606557,0.5334930834330656
sift_100k,43_cluster_block_order,59_natural_source_order,128,0.05,1000000,859.7523053606557,0.4944118831424176
sift_100k,43_cluster_block_order,59_natural_source_order,128,0.05,10000000,857.5039190606557,0.49050376311335264
sift_100k,43_cluster_block_order,59_natural_source_order,128,0.01,1000,3576.829950819672,5.217205989627857
sift_100k,43_cluster_block_order,59_natural_source_order,128,0.01,10000,1328.443650819672,1.3090859605630594
sift_100k,43_cluster_block_order,59_natural_source_order,128,0.01,100000,1103.605020819672,0.9182739576565795
sift_100k,43_cluster_block_order,59_natural_source_order,128,0.01,1000000,1081.1211578196721,0.8791927573659317
sift_100k,43_cluster_block_order,59_natural_source_order,128,0.01,10000000,1078.8727715196721,0.8752846373368668
sift_100k,43_cluster_block_order,71_cluster_block_order,32,0.05,1000,1343.6685688073394,1.328900171733876
sift_100k,43_cluster_block_order,71_cluster_block_order,32,0.05,10000,744.1911688073395,0.289861935504389
sift_100k,43_cluster_block_order,71_cluster_block_order,32,0.05,100000,684.2434288073395,0.18595811188143996
sift_100k,43_cluster_block_order,71_cluster_block_order,32,0.05,1000000,678.2486548073394,0.17556772951914512
sift_100k,43_cluster_block_order,71_cluster_block_order,32,0.05,10000000,677.6491774073395,0.17452869128291582
sift_100k,43_cluster_block_order,71_cluster_block_order,64,0.05,1000,1942.683698924731,2.3540871986707628
sift_100k,43_cluster_block_order,71_cluster_block_order,64,0.05,10000,808.7844989247311,0.3963846692224149
sift_100k,43_cluster_block_order,71_cluster_block_order,64,0.05,100000,695.3945789247311,0.20061441627758003
sift_100k,43_cluster_block_order,71_cluster_block_order,64,0.05,1000000,684.0555869247312,0.18103739098309668
sift_100k,43_cluster_block_order,71_cluster_block_order,64,0.05,10000000,682.9216877247311,0.1790796884536483
sift_100k,43_cluster_block_order,71_cluster_block_order,128,0.05,1000,3152.495606557377,4.4825229006001335
sift_100k,43_cluster_block_order,71_cluster_block_order,128,0.05,10000,907.434806557377,0.5781249932288919
sift_100k,43_cluster_block_order,71_cluster_block_order,128,0.05,100000,682.928726557377,0.18768520249176768
sift_100k,43_cluster_block_order,71_cluster_block_order,128,0.05,1000000,660.478118557377,0.1486412234180552
sift_100k,43_cluster_block_order,71_cluster_block_order,128,0.05,10000000,658.233057757377,0.144736825510684
sift_100k,43_cluster_block_order,71_cluster_block_order,128,0.01,1000,3346.856262295082,4.820536613875783
sift_100k,43_cluster_block_order,71_cluster_block_order,128,0.01,10000,1101.795462295082,0.9161387065045401
sift_100k,43_cluster_block_order,71_cluster_block_order,128,0.01,100000,877.289382295082,0.5256989157674159
sift_100k,43_cluster_block_order,71_cluster_block_order,128,0.01,1000000,854.838774295082,0.48665493669370363
sift_100k,43_cluster_block_order,71_cluster_block_order,128,0.01,10000000,852.5937134950819,0.48275053878633223
sift_100k,43_cluster_block_order,71_natural_source_order,32,0.05,1000,2079.6103027522936,1.6928836789365205
sift_100k,43_cluster_block_order,71_natural_source_order,32,0.05,10000,1479.1780027522937,0.9153849625489301
sift_100k,43_cluster_block_order,71_natural_source_order,32,0.05,100000,1419.1347727522937,0.8376350909101711
sift_100k,43_cluster_block_order,71_natural_source_order,32,0.05,1000000,1413.1304497522938,0.8298601037462954
sift_100k,43_cluster_block_order,71_natural_source_order,32,0.05,10000000,1412.5300174522936,0.8290826050299076
sift_100k,43_cluster_block_order,71_natural_source_order,64,0.05,1000,2350.606591397849,2.0441275961705827
sift_100k,43_cluster_block_order,71_natural_source_order,64,0.05,10000,1210.0896913978493,0.5671135429068754
sift_100k,43_cluster_block_order,71_natural_source_order,64,0.05,100000,1096.0380013978493,0.41941213758050466
sift_100k,43_cluster_block_order,71_natural_source_order,64,0.05,1000000,1084.6328323978494,0.40464199704786763
sift_100k,43_cluster_block_order,71_natural_source_order,64,0.05,10000000,1083.4923154978494,0.403164982994604
sift_100k,43_cluster_block_order,71_natural_source_order,128,0.05,1000,3467.365737704918,3.532601362935025
sift_100k,43_cluster_block_order,71_natural_source_order,128,0.05,10000,1210.426737704918,0.5822910809189097
sift_100k,43_cluster_block_order,71_natural_source_order,128,0.05,100000,984.732837704918,0.28726005271729815
sift_100k,43_cluster_block_order,71_natural_source_order,128,0.05,1000000,962.163447704918,0.25775694989713704
sift_100k,43_cluster_block_order,71_natural_source_order,128,0.05,10000000,959.906508704918,0.25480663961512096
sift_100k,43_cluster_block_order,71_natural_source_order,128,0.01,1000,3928.9395081967214,4.135978698782788
sift_100k,43_cluster_block_order,71_natural_source_order,128,0.01,10000,1672.0005081967213,1.1856684167666725
sift_100k,43_cluster_block_order,71_natural_source_order,128,0.01,100000,1446.3066081967213,0.8906373885650609
sift_100k,43_cluster_block_order,71_natural_source_order,128,0.01,1000000,1423.7372181967214,0.8611342857449
sift_100k,43_cluster_block_order,71_natural_source_order,128,0.01,10000000,1421.4802791967213,0.8581839754628837
sift_100k,43_natural_source_order,43_cluster_block_order,32,0.05,1000,1748.1477798165138,2.0388993828046504
sift_100k,43_natural_source_order,43_cluster_block_order,32,0.05,10000,1151.7069798165137,1.0020742356825032
sift_100k,43_natural_source_order,43_cluster_block_order,32,0.05,100000,1092.062899816514,0.8983917209702887
sift_100k,43_natural_source_order,43_cluster_block_order,32,0.05,1000000,1086.0984918165138,0.8880234694990672
sift_100k,43_natural_source_order,43_cluster_block_order,32,0.05,10000000,1085.5020510165139,0.886986644351945
sift_100k,43_natural_source_order,43_cluster_block_order,64,0.05,1000,2365.369870967742,3.0849261023369827
sift_100k,43_natural_source_order,43_cluster_block_order,64,0.05,10000,1238.672470967742,1.1391519233447536
sift_100k,43_natural_source_order,43_cluster_block_order,64,0.05,100000,1126.0027309677419,0.9445745054455308
sift_100k,43_natural_source_order,43_cluster_block_order,64,0.05,1000000,1114.735756967742,0.9251167636556086
sift_100k,43_natural_source_order,43_cluster_block_order,64,0.05,10000000,1113.609059567742,0.9231709894766165
sift_100k,43_natural_source_order,43_cluster_block_order,128,0.05,1000,3349.677901639344,4.791922899216236
sift_100k,43_natural_source_order,43_cluster_block_order,128,0.05,10000,1116.3891016393443,0.9303466757373471
sift_100k,43_natural_source_order,43_cluster_block_order,128,0.05,100000,893.0602216393443,0.5441890533894582
sift_100k,43_natural_source_order,43_cluster_block_order,128,0.05,1000000,870.7273336393444,0.5055732911546693
sift_100k,43_natural_source_order,43_cluster_block_order,128,0.05,10000000,868.4940448393443,0.5017117149311905
sift_100k,43_natural_source_order,43_cluster_block_order,128,0.01,1000,3577.3746229508197,5.185632949246708
sift_100k,43_natural_source_order,43_cluster_block_order,128,0.01,10000,1344.0858229508196,1.3240567257678189
sift_100k,43_natural_source_order,43_cluster_block_order,128,0.01,100000,1120.7569429508196,0.9378991034199298
sift_100k,43_natural_source_order,43_cluster_block_order,128,0.01,1000000,1098.4240549508197,0.8992833411851411
sift_100k,43_natural_source_order,43_cluster_block_order,128,0.01,10000000,1096.1907661508196,0.895421764961662
sift_100k,43_natural_source_order,59_cluster_block_order,32,0.05,1000,1743.43852293578,2.036257443460061
sift_100k,43_natural_source_order,59_cluster_block_order,32,0.05,10000,1150.41862293578,1.0034931321249116
sift_100k,43_natural_source_order,59_cluster_block_order,32,0.05,100000,1091.1166329357798,0.9002167009913962
sift_100k,43_natural_source_order,59_cluster_block_order,32,0.05,1000000,1085.1864339357799,0.889889057878045
sift_100k,43_natural_source_order,59_cluster_block_order,32,0.05,10000000,1084.59341403578,0.8888562935667099
sift_100k,43_natural_source_order,59_cluster_block_order,64,0.05,1000,2361.5650215053765,3.0922998248490723
sift_100k,43_natural_source_order,59_cluster_block_order,64,0.05,10000,1236.5839215053763,1.142846849146605
sift_100k,43_natural_source_order,59_cluster_block_order,64,0.05,100000,1124.0858115053763,0.9479015515763582
sift_100k,43_natural_source_order,59_cluster_block_order,64,0.05,1000000,1112.8360005053762,0.9284070218193332
sift_100k,43_natural_source_order,59_cluster_block_order,64,0.05,10000000,1111.7110194053762,0.9264575688436307
sift_100k,43_natural_source_order,59_cluster_block_order,128,0.05,1000,3347.42062295082,4.831326888752446
sift_100k,43_natural_source_order,59_cluster_block_order,128,0.05,10000,1113.6404229508196,0.9400015935344765
sift_100k,43_natural_source_order,59_cluster_block_order,128,0.05,100000,890.2624029508197,0.5508690640126799
sift_100k,43_natural_source_order,59_cluster_block_order,128,0.05,1000000,867.9246009508197,0.5119558110605003
sift_100k,43_natural_source_order,59_cluster_block_order,128,0.05,10000000,865.6908207508196,0.5080644857652821
sift_100k,43_natural_source_order,59_cluster_block_order,128,0.01,1000,3574.609147540984,5.227097454057374
sift_100k,43_natural_source_order,59_cluster_block_order,128,0.01,10000,1340.8289475409836,1.3357721588394043
sift_100k,43_natural_source_order,59_cluster_block_order,128,0.01,100000,1117.4509275409837,0.9466396293176076
sift_100k,43_natural_source_order,59_cluster_block_order,128,0.01,1000000,1095.1131255409837,0.907726376365428
sift_100k,43_natural_source_order,59_cluster_block_order,128,0.01,10000000,1092.8793453409837,0.90383505107021
sift_100k,43_natural_source_order,59_natural_source_order,32,0.05,1000,1356.2916513761468,1.3443113468598114
sift_100k,43_natural_source_order,59_natural_source_order,32,0.05,10000,757.5126513761468,0.309338962758577
sift_100k,43_natural_source_order,59_natural_source_order,32,0.05,100000,697.6347513761468,0.2058417243484536
sift_100k,43_natural_source_order,59_natural_source_order,32,0.05,1000000,691.6469613761468,0.1954920005074412
sift_100k,43_natural_source_order,59_natural_source_order,32,0.05,10000000,691.0481823761469,0.19445702812333998
sift_100k,43_natural_source_order,59_natural_source_order,64,0.05,1000,1965.0552043010753,2.3895657834945423
sift_100k,43_natural_source_order,59_natural_source_order,64,0.05,10000,829.9410043010753,0.43158300303252317
sift_100k,43_natural_source_order,59_natural_source_order,64,0.05,100000,716.4295843010754,0.23578472498632141
sift_100k,43_natural_source_order,59_natural_source_order,64,0.05,1000000,705.0784423010754,0.21620489718170122
sift_100k,43_natural_source_order,59_natural_source_order,64,0.05,10000000,703.9433281010753,0.21424691440123889
sift_100k,43_natural_source_order,59_natural_source_order,128,0.05,1000,3166.8873278688525,4.504648287456546
sift_100k,43_natural_source_order,59_natural_source_order,128,0.05,10000,918.5010278688525,0.596528258391748
sift_100k,43_natural_source_order,59_natural_source_order,128,0.05,100000,693.6623978688525,0.20571625548526828
sift_100k,43_natural_source_order,59_natural_source_order,128,0.05,1000000,671.1785348688525,0.1666350551946203
sift_100k,43_natural_source_order,59_natural_source_order,128,0.05,10000000,668.9301485688525,0.1627269351655556
sift_100k,43_natural_source_order,59_natural_source_order,128,0.01,1000,3601.5020819672127,5.260090813244429
sift_100k,43_natural_source_order,59_natural_source_order,128,0.01,10000,1353.115781967213,1.351970784179632
sift_100k,43_natural_source_order,59_natural_source_order,128,0.01,100000,1128.277151967213,0.9611587812731521
sift_100k,43_natural_source_order,59_natural_source_order,128,0.01,1000000,1105.7932889672131,0.9220775809825044
sift_100k,43_natural_source_order,59_natural_source_order,128,0.01,10000000,1103.5449026672131,0.9181694609534394
sift_100k,43_natural_source_order,71_cluster_block_order,32,0.05,1000,1755.040128440367,2.0419058325912736
sift_100k,43_natural_source_order,71_cluster_block_order,32,0.05,10000,1155.562728440367,1.002867596361786
sift_100k,43_natural_source_order,71_cluster_block_order,32,0.05,100000,1095.614988440367,0.8989637727388373
sift_100k,43_natural_source_order,71_cluster_block_order,32,0.05,1000000,1089.620214440367,0.8885733903765423
sift_100k,43_natural_source_order,71_cluster_block_order,32,0.05,10000000,1089.020737040367,0.8875343521403132
sift_100k,43_natural_source_order,71_cluster_block_order,64,0.05,1000,2375.7482150537635,3.101782848019604
sift_100k,43_natural_source_order,71_cluster_block_order,64,0.05,10000,1241.8490150537634,1.1440803185712558
sift_100k,43_natural_source_order,71_cluster_block_order,64,0.05,100000,1128.4590950537633,0.948310065626421
sift_100k,43_natural_source_order,71_cluster_block_order,64,0.05,1000000,1117.1201030537634,0.9287330403319376
sift_100k,43_natural_source_order,71_cluster_block_order,64,0.05,10000000,1115.9862038537633,0.9267753378024892
sift_100k,43_natural_source_order,71_cluster_block_order,128,0.05,1000,3361.848065573771,4.846608943564597
sift_100k,43_natural_source_order,71_cluster_block_order,128,0.05,10000,1116.7872655737706,0.9422110361933544
sift_100k,43_natural_source_order,71_cluster_block_order,128,0.05,100000,892.2811855737705,0.55177124545623
sift_100k,43_natural_source_order,71_cluster_block_order,128,0.05,1000000,869.8305775737705,0.5127272663825178
sift_100k,43_natural_source_order,71_cluster_block_order,128,0.05,10000000,867.5855167737705,0.5088228684751464
sift_100k,43_natural_source_order,71_cluster_block_order,128,0.01,1000,3591.503803278689,5.246004533078645
sift_100k,43_natural_source_order,71_cluster_block_order,128,0.01,10000,1346.4430032786886,1.3416066257074029
sift_100k,43_natural_source_order,71_cluster_block_order,128,0.01,100000,1121.9369232786887,0.9511668349702787
sift_100k,43_natural_source_order,71_cluster_block_order,128,0.01,1000000,1099.4863152786886,0.9121228558965662
sift_100k,43_natural_source_order,71_cluster_block_order,128,0.01,10000000,1097.2412544786887,0.908218457989195
sift_100k,43_natural_source_order,71_natural_source_order,32,0.05,1000,2101.101128440367,1.7207121108622956
sift_100k,43_natural_source_order,71_natural_source_order,32,0.05,10000,1500.668828440367,0.943213394474705
sift_100k,43_natural_source_order,71_natural_source_order,32,0.05,100000,1440.625598440367,0.865463522835946
sift_100k,43_natural_source_order,71_natural_source_order,32,0.05,1000000,1434.621275440367,0.8576885356720703
sift_100k,43_natural_source_order,71_natural_source_order,32,0.05,10000000,1434.0208431403669,0.8569110369556825
sift_100k,43_natural_source_order,71_natural_source_order,64,0.05,1000,2735.6603548387097,2.542787300261097
sift_100k,43_natural_source_order,71_natural_source_order,64,0.05,10000,1595.1434548387097,1.0657732469973893
sift_100k,43_natural_source_order,71_natural_source_order,64,0.05,100000,1481.0917648387097,0.9180718416710183
sift_100k,43_natural_source_order,71_natural_source_order,64,0.05,1000000,1469.6865958387098,0.9033017011383815
sift_100k,43_natural_source_order,71_natural_source_order,64,0.05,10000000,1468.5460789387098,0.9018246870851179
sift_100k,43_natural_source_order,71_natural_source_order,128,0.05,1000,3489.587049180328,3.5616494513972228
sift_100k,43_natural_source_order,71_natural_source_order,128,0.05,10000,1232.648049180328,0.6113391693811077
sift_100k,43_natural_source_order,71_natural_source_order,128,0.05,100000,1006.9541491803278,0.3163081411794959
sift_100k,43_natural_source_order,71_natural_source_order,128,0.05,1000000,984.3847591803278,0.2868050383593348
sift_100k,43_natural_source_order,71_natural_source_order,128,0.05,10000000,982.1278201803278,0.2838547280773187
sift_100k,43_natural_source_order,71_natural_source_order,128,0.01,1000,3959.7345901639346,4.176234570546889
sift_100k,43_natural_source_order,71_natural_source_order,128,0.01,10000,1702.7955901639343,1.225924288530773
sift_100k,43_natural_source_order,71_natural_source_order,128,0.01,100000,1477.1016901639343,0.9308932603291615
sift_100k,43_natural_source_order,71_natural_source_order,128,0.01,1000000,1454.5323001639345,0.9013901575090006
sift_100k,43_natural_source_order,71_natural_source_order,128,0.01,10000000,1452.2753611639343,0.8984398472269843
sift_100k,59_cluster_block_order,43_cluster_block_order,32,0.05,1000,1297.982642201835,1.2563530931534377
sift_100k,59_cluster_block_order,43_cluster_block_order,32,0.05,10000,701.5418422018349,0.21952794603129044
sift_100k,59_cluster_block_order,43_cluster_block_order,32,0.05,100000,641.8977622018349,0.11584543131907576
sift_100k,59_cluster_block_order,43_cluster_block_order,32,0.05,1000000,635.933354201835,0.10547717984785421
sift_100k,59_cluster_block_order,43_cluster_block_order,32,0.05,10000000,635.3369134018349,0.10444035470073199
sift_100k,59_cluster_block_order,43_cluster_block_order,64,0.05,1000,1679.122559139785,1.8997966259064278
sift_100k,59_cluster_block_order,43_cluster_block_order,64,0.05,10000,552.4251591397849,-0.04597755308580076
sift_100k,59_cluster_block_order,43_cluster_block_order,64,0.05,100000,439.755419139785,-0.24055497098502354
sift_100k,59_cluster_block_order,43_cluster_block_order,64,0.05,1000000,428.488445139785,-0.26001271277494586
sift_100k,59_cluster_block_order,43_cluster_block_order,64,0.05,10000000,427.36174773978496,-0.2619584869539381
sift_100k,59_cluster_block_order,43_cluster_block_order,128,0.05,1000,3122.8910163934424,4.399786045325056
sift_100k,59_cluster_block_order,43_cluster_block_order,128,0.05,10000,889.6022163934426,0.5382098218461668
sift_100k,59_cluster_block_order,43_cluster_block_order,128,0.05,100000,666.2733363934426,0.15205219949827797
sift_100k,59_cluster_block_order,43_cluster_block_order,128,0.05,1000000,643.9404483934427,0.11343643726348929
sift_100k,59_cluster_block_order,43_cluster_block_order,128,0.05,10000000,641.7071595934426,0.10957486104001024
sift_100k,59_cluster_block_order,43_cluster_block_order,128,0.01,1000,3307.3582295081965,4.718748019331887
sift_100k,59_cluster_block_order,43_cluster_block_order,128,0.01,10000,1074.0694295081967,0.8571717958529981
sift_100k,59_cluster_block_order,43_cluster_block_order,128,0.01,100000,850.7405495081966,0.4710141735051092
sift_100k,59_cluster_block_order,43_cluster_block_order,128,0.01,1000000,828.4076615081967,0.4323984112703205
sift_100k,59_cluster_block_order,43_cluster_block_order,128,0.01,10000000,826.1743727081966,0.4285368350468415
sift_100k,59_cluster_block_order,43_natural_source_order,32,0.05,1000,1488.9653394495413,1.5930008867160352
sift_100k,59_cluster_block_order,43_natural_source_order,32,0.05,10000,893.0231394495413,0.5551804539027487
sift_100k,59_cluster_block_order,43_natural_source_order,32,0.05,100000,833.4289194495412,0.45139841062141994
sift_100k,59_cluster_block_order,43_natural_source_order,32,0.05,1000000,827.4694974495412,0.4410202062932871
sift_100k,59_cluster_block_order,43_natural_source_order,32,0.05,10000000,826.8735552495413,0.4399823858604739
sift_100k,59_cluster_block_order,43_natural_source_order,64,0.05,1000,2083.1868387096774,2.618366269785684
sift_100k,59_cluster_block_order,43_natural_source_order,64,0.05,10000,952.9380387096775,0.6551942400896484
sift_100k,59_cluster_block_order,43_natural_source_order,64,0.05,100000,839.9131587096774,0.4588770371200448
sift_100k,59_cluster_block_order,43_natural_source_order,64,0.05,1000000,828.6106707096775,0.43924531682308454
sift_100k,59_cluster_block_order,43_natural_source_order,64,0.05,10000000,827.4804219096775,0.43728214479338856
sift_100k,59_cluster_block_order,43_natural_source_order,128,0.05,1000,3320.375262295082,4.8182753113195345
sift_100k,59_cluster_block_order,43_natural_source_order,128,0.05,10000,1078.447362295082,0.8897573818996596
sift_100k,59_cluster_block_order,43_natural_source_order,128,0.05,100000,854.254572295082,0.4969055889576719
sift_100k,59_cluster_block_order,43_natural_source_order,128,0.05,1000000,831.835293295082,0.4576204096634733
sift_100k,59_cluster_block_order,43_natural_source_order,128,0.05,10000000,829.593365395082,0.45369189173405333
sift_100k,59_cluster_block_order,43_natural_source_order,128,0.01,1000,3320.375262295082,4.8182753113195345
sift_100k,59_cluster_block_order,43_natural_source_order,128,0.01,10000,1078.447362295082,0.8897573818996596
sift_100k,59_cluster_block_order,43_natural_source_order,128,0.01,100000,854.254572295082,0.4969055889576719
sift_100k,59_cluster_block_order,43_natural_source_order,128,0.01,1000000,831.835293295082,0.4576204096634733
sift_100k,59_cluster_block_order,43_natural_source_order,128,0.01,10000000,829.593365395082,0.45369189173405333
sift_100k,59_cluster_block_order,59_natural_source_order,32,0.05,1000,1718.0806422018347,1.9696532749776008
sift_100k,59_cluster_block_order,59_natural_source_order,32,0.05,10000,1119.3016422018347,0.9346808908763664
sift_100k,59_cluster_block_order,59_natural_source_order,32,0.05,100000,1059.4237422018348,0.831183652466243
sift_100k,59_cluster_block_order,59_natural_source_order,32,0.05,1000000,1053.4359522018349,0.8208339286252309
sift_100k,59_cluster_block_order,59_natural_source_order,32,0.05,10000000,1052.8371732018347,0.8197989562411294
sift_100k,59_cluster_block_order,59_natural_source_order,64,0.05,1000,1929.0498279569892,2.327459339151079
sift_100k,59_cluster_block_order,59_natural_source_order,64,0.05,10000,793.9356279569892,0.3694765586890596
sift_100k,59_cluster_block_order,59_natural_source_order,64,0.05,100000,680.4242079569892,0.17367828064285784
sift_100k,59_cluster_block_order,59_natural_source_order,64,0.05,1000000,669.0730659569892,0.15409845283823764
sift_100k,59_cluster_block_order,59_natural_source_order,64,0.05,10000000,667.9379517569892,0.1521404700577753
sift_100k,59_cluster_block_order,59_natural_source_order,128,0.05,1000,3329.247983606557,4.786861771242948
sift_100k,59_cluster_block_order,59_natural_source_order,128,0.05,10000,1080.8616836065573,0.8787417421781503
sift_100k,59_cluster_block_order,59_natural_source_order,128,0.05,100000,856.0230536065574,0.4879297392716704
sift_100k,59_cluster_block_order,59_natural_source_order,128,0.05,1000000,833.5391906065573,0.4488485389810224
sift_100k,59_cluster_block_order,59_natural_source_order,128,0.05,10000000,831.2908043065573,0.4449404189519577
sift_100k,59_cluster_block_order,59_natural_source_order,128,0.01,1000,3551.2561803278686,5.172753946543569
sift_100k,59_cluster_block_order,59_natural_source_order,128,0.01,10000,1302.869880327869,1.2646339174787715
sift_100k,59_cluster_block_order,59_natural_source_order,128,0.01,100000,1078.031250327869,0.8738219145722919
sift_100k,59_cluster_block_order,59_natural_source_order,128,0.01,1000000,1055.547387327869,0.8347407142816441
sift_100k,59_cluster_block_order,59_natural_source_order,128,0.01,10000000,1053.299001027869,0.8308325942525794
sift_100k,59_cluster_block_order,71_cluster_block_order,32,0.05,1000,1247.4621467889908,1.162151348428953
sift_100k,59_cluster_block_order,71_cluster_block_order,32,0.05,10000,647.9847467889908,0.12311311219946575
sift_100k,59_cluster_block_order,71_cluster_block_order,32,0.05,100000,588.0370067889908,0.019209288576516936
sift_100k,59_cluster_block_order,71_cluster_block_order,32,0.05,1000000,582.0422327889908,0.0088189062142221
sift_100k,59_cluster_block_order,71_cluster_block_order,32,0.05,10000000,581.4427553889908,0.007779867977992572
sift_100k,59_cluster_block_order,71_cluster_block_order,64,0.05,1000,1844.0492903225804,2.18379266877686
sift_100k,59_cluster_block_order,71_cluster_block_order,64,0.05,10000,710.1500903225806,0.2260901393285124
sift_100k,59_cluster_block_order,71_cluster_block_order,64,0.05,100000,596.7601703225806,0.030319886383677774
sift_100k,59_cluster_block_order,71_cluster_block_order,64,0.05,1000000,585.4211783225807,0.010742861089194422
sift_100k,59_cluster_block_order,71_cluster_block_order,64,0.05,10000000,584.2872791225806,0.00878515855974582
sift_100k,59_cluster_block_order,71_cluster_block_order,128,0.05,1000,3074.298885245902,4.346530541260995
sift_100k,59_cluster_block_order,71_cluster_block_order,128,0.05,10000,829.2380852459016,0.442132633889752
sift_100k,59_cluster_block_order,71_cluster_block_order,128,0.05,100000,604.7320052459016,0.05169284315262779
sift_100k,59_cluster_block_order,71_cluster_block_order,128,0.05,1000000,582.2813972459016,0.012648864078915523
sift_100k,59_cluster_block_order,71_cluster_block_order,128,0.05,10000000,580.0363364459016,0.008744466171544119
sift_100k,59_cluster_block_order,71_cluster_block_order,128,0.01,1000,3320.8316721311476,4.775277102250858
sift_100k,59_cluster_block_order,71_cluster_block_order,128,0.01,10000,1075.7708721311476,0.8708791948796168
sift_100k,59_cluster_block_order,71_cluster_block_order,128,0.01,100000,851.2647921311475,0.4804394041424924
sift_100k,59_cluster_block_order,71_cluster_block_order,128,0.01,1000000,828.8141841311475,0.44139542506878016
sift_100k,59_cluster_block_order,71_cluster_block_order,128,0.01,10000000,826.5691233311475,0.43749102716140875
sift_100k,59_cluster_block_order,71_natural_source_order,32,0.05,1000,2046.18828440367,1.6496055668743659
sift_100k,59_cluster_block_order,71_natural_source_order,32,0.05,10000,1445.7559844036698,0.872106850486775
sift_100k,59_cluster_block_order,71_natural_source_order,32,0.05,100000,1385.7127544036698,0.794356978848016
sift_100k,59_cluster_block_order,71_natural_source_order,32,0.05,1000000,1379.70843140367,0.7865819916841403
sift_100k,59_cluster_block_order,71_natural_source_order,32,0.05,10000000,1379.1079991036697,0.7858044929677523
sift_100k,59_cluster_block_order,71_natural_source_order,64,0.05,1000,2643.8270215053763,2.4238595369886857
sift_100k,59_cluster_block_order,71_natural_source_order,64,0.05,10000,1503.3101215053762,0.9468454837249782
sift_100k,59_cluster_block_order,71_natural_source_order,64,0.05,100000,1389.2584315053762,0.7991440783986075
sift_100k,59_cluster_block_order,71_natural_source_order,64,0.05,1000000,1377.8532625053763,0.7843739378659704
sift_100k,59_cluster_block_order,71_natural_source_order,64,0.05,10000000,1376.7127456053763,0.7828969238127068
sift_100k,59_cluster_block_order,71_natural_source_order,128,0.05,1000,3563.3575409836067,3.6580835333447626
sift_100k,59_cluster_block_order,71_natural_source_order,128,0.05,10000,1306.4185409836066,0.7077732513286474
sift_100k,59_cluster_block_order,71_natural_source_order,128,0.05,100000,1080.7246409836066,0.4127422231270359
sift_100k,59_cluster_block_order,71_natural_source_order,128,0.05,1000000,1058.1552509836067,0.383239120306875
sift_100k,59_cluster_block_order,71_natural_source_order,128,0.05,10000000,1055.8983119836066,0.3802888100248587
sift_100k,59_cluster_block_order,71_natural_source_order,128,0.01,1000,3887.160819672131,4.081364863706497
sift_100k,59_cluster_block_order,71_natural_source_order,128,0.01,10000,1630.221819672131,1.1310545816903823
sift_100k,59_cluster_block_order,71_natural_source_order,128,0.01,100000,1404.527919672131,0.8360235534887708
sift_100k,59_cluster_block_order,71_natural_source_order,128,0.01,1000000,1381.9585296721311,0.8065204506686097
sift_100k,59_cluster_block_order,71_natural_source_order,128,0.01,10000000,1379.701590672131,0.8035701403865934
sift_100k,59_natural_source_order,43_cluster_block_order,32,0.05,1000,1750.909247706422,2.043699791078577
sift_100k,59_natural_source_order,43_cluster_block_order,32,0.05,10000,1154.468447706422,1.0068746439564293
sift_100k,59_natural_source_order,43_cluster_block_order,32,0.05,100000,1094.8243677064222,0.9031921292442151
sift_100k,59_natural_source_order,43_cluster_block_order,32,0.05,1000000,1088.8599597064222,0.8928238777729935
sift_100k,59_natural_source_order,43_cluster_block_order,32,0.05,10000000,1088.2635189064222,0.8917870526258713
sift_100k,59_natural_source_order,43_cluster_block_order,64,0.05,1000,2127.9720215053762,2.6749468074241203
sift_100k,59_natural_source_order,43_cluster_block_order,64,0.05,10000,1001.2746215053763,0.7291726284318916
sift_100k,59_natural_source_order,43_cluster_block_order,64,0.05,100000,888.6048815053764,0.5345952105326688
sift_100k,59_natural_source_order,43_cluster_block_order,64,0.05,1000000,877.3379075053764,0.5151374687427464
sift_100k,59_natural_source_order,43_cluster_block_order,64,0.05,10000000,876.2112101053764,0.5131916945637542
sift_100k,59_natural_source_order,43_cluster_block_order,128,0.05,1000,3362.784459016393,4.814585427384951
sift_100k,59_natural_source_order,43_cluster_block_order,128,0.05,10000,1129.4956590163936,0.953009203906062
sift_100k,59_natural_source_order,43_cluster_block_order,128,0.05,100000,906.1667790163934,0.5668515815581727
sift_100k,59_natural_source_order,43_cluster_block_order,128,0.05,1000000,883.8338910163935,0.528235819323384
sift_100k,59_natural_source_order,43_cluster_block_order,128,0.05,10000000,881.6006022163934,0.524374243099905
sift_100k,59_natural_source_order,43_cluster_block_order,128,0.01,1000,3592.98937704918,5.212632396502118
sift_100k,59_natural_source_order,43_cluster_block_order,128,0.01,10000,1359.7005770491803,1.3510561730232293
sift_100k,59_natural_source_order,43_cluster_block_order,128,0.01,100000,1136.3716970491803,0.9648985506753405
sift_100k,59_natural_source_order,43_cluster_block_order,128,0.01,1000000,1114.0388090491804,0.9262827884405516
sift_100k,59_natural_source_order,43_cluster_block_order,128,0.01,10000000,1111.8055202491803,0.9224212122170727
sift_100k,59_natural_source_order,43_natural_source_order,32,0.05,1000,1522.5891926605505,1.6515560987689826
sift_100k,59_natural_source_order,43_natural_source_order,32,0.05,10000,926.6469926605505,0.6137356659556961
sift_100k,59_natural_source_order,43_natural_source_order,32,0.05,100000,867.0527726605504,0.5099536226743675
sift_100k,59_natural_source_order,43_natural_source_order,32,0.05,1000000,861.0933506605504,0.4995754183462344
sift_100k,59_natural_source_order,43_natural_source_order,32,0.05,10000000,860.4974084605504,0.4985375979134212
sift_100k,59_natural_source_order,43_natural_source_order,64,0.05,1000,1955.6492043010753,2.3968413129756736
sift_100k,59_natural_source_order,43_natural_source_order,64,0.05,10000,825.4004043010754,0.43366928327963783
sift_100k,59_natural_source_order,43_natural_source_order,64,0.05,100000,712.3755243010753,0.23735208031003419
sift_100k,59_natural_source_order,43_natural_source_order,64,0.05,1000000,701.0730363010754,0.21772036001307393
sift_100k,59_natural_source_order,43_natural_source_order,64,0.05,10000000,699.9427875010754,0.21575718798337773
sift_100k,59_natural_source_order,43_natural_source_order,128,0.05,1000,3189.891655737705,4.589629605159215
sift_100k,59_natural_source_order,43_natural_source_order,128,0.05,10000,947.963755737705,0.6611116757393392
sift_100k,59_natural_source_order,43_natural_source_order,128,0.05,100000,723.770965737705,0.26825988279735147
sift_100k,59_natural_source_order,43_natural_source_order,128,0.05,1000000,701.351686737705,0.22897470350315285
sift_100k,59_natural_source_order,43_natural_source_order,128,0.05,10000000,699.1097588377049,0.22504618557373268
sift_100k,59_natural_source_order,43_natural_source_order,128,0.01,1000,3373.4326393442625,4.911247461327435
sift_100k,59_natural_source_order,43_natural_source_order,128,0.01,10000,1131.5047393442624,0.9827295319075593
sift_100k,59_natural_source_order,43_natural_source_order,128,0.01,100000,907.3119493442623,0.5898777389655716
sift_100k,59_natural_source_order,43_natural_source_order,128,0.01,1000000,884.8926703442623,0.550592559671373
sift_100k,59_natural_source_order,43_natural_source_order,128,0.01,10000000,882.6507424442623,0.546664041741953
sift_100k,59_natural_source_order,59_cluster_block_order,32,0.05,1000,1747.1265963302753,2.0426803486263454
sift_100k,59_natural_source_order,59_cluster_block_order,32,0.05,10000,1154.1066963302753,1.009916037291196
sift_100k,59_natural_source_order,59_cluster_block_order,32,0.05,100000,1094.8047063302752,0.9066396061576807
sift_100k,59_natural_source_order,59_cluster_block_order,32,0.05,1000000,1088.8745073302753,0.8963119630443295
sift_100k,59_natural_source_order,59_cluster_block_order,32,0.05,10000000,1088.2814874302753,0.8952791987329944
sift_100k,59_natural_source_order,59_cluster_block_order,64,0.05,1000,2124.5596451612905,2.681598848475814
sift_100k,59_natural_source_order,59_cluster_block_order,64,0.05,10000,999.5785451612903,0.7321458727733472
sift_100k,59_natural_source_order,59_cluster_block_order,64,0.05,100000,887.0804351612903,0.5372005752031004
sift_100k,59_natural_source_order,59_cluster_block_order,64,0.05,1000000,875.8306241612904,0.517706045446076
sift_100k,59_natural_source_order,59_cluster_block_order,64,0.05,10000000,874.7056430612904,0.5157565924703735
sift_100k,59_natural_source_order,59_cluster_block_order,128,0.05,1000,3361.305868852459,4.855515485556809
sift_100k,59_natural_source_order,59_cluster_block_order,128,0.05,10000,1127.525668852459,0.9641901903388401
sift_100k,59_natural_source_order,59_cluster_block_order,128,0.05,100000,904.147648852459,0.5750576608170435
sift_100k,59_natural_source_order,59_cluster_block_order,128,0.05,1000000,881.809846852459,0.5361444078648638
sift_100k,59_natural_source_order,59_cluster_block_order,128,0.05,10000000,879.576066652459,0.5322530825696457
sift_100k,59_natural_source_order,59_cluster_block_order,128,0.01,1000,3591.117344262295,5.255855325346622
sift_100k,59_natural_source_order,59_cluster_block_order,128,0.01,10000,1357.337144262295,1.3645300301286536
sift_100k,59_natural_source_order,59_cluster_block_order,128,0.01,100000,1133.959124262295,0.9753975006068569
sift_100k,59_natural_source_order,59_cluster_block_order,128,0.01,1000000,1111.621322262295,0.9364842476546771
sift_100k,59_natural_source_order,59_cluster_block_order,128,0.01,10000000,1109.387542062295,0.9325929223594593
sift_100k,59_natural_source_order,71_cluster_block_order,32,0.05,1000,1758.0171926605506,2.0470657995166013
sift_100k,59_natural_source_order,71_cluster_block_order,32,0.05,10000,1158.5397926605506,1.008027563287114
sift_100k,59_natural_source_order,71_cluster_block_order,32,0.05,100000,1098.5920526605505,0.904123739664165
sift_100k,59_natural_source_order,71_cluster_block_order,32,0.05,1000000,1092.5972786605505,0.8937333573018702
sift_100k,59_natural_source_order,71_cluster_block_order,32,0.05,10000000,1091.9978012605507,0.8926943190656409
sift_100k,59_natural_source_order,71_cluster_block_order,64,0.05,1000,2136.871870967742,2.689357455142902
sift_100k,59_natural_source_order,71_cluster_block_order,64,0.05,10000,1002.9726709677419,0.7316549256945539
sift_100k,59_natural_source_order,71_cluster_block_order,64,0.05,100000,889.582750967742,0.5358846727497191
sift_100k,59_natural_source_order,71_cluster_block_order,64,0.05,1000000,878.243758967742,0.5163076474552357
sift_100k,59_natural_source_order,71_cluster_block_order,64,0.05,10000000,877.1098597677419,0.5143499449257871
sift_100k,59_natural_source_order,71_cluster_block_order,128,0.05,1000,3375.23331147541,4.869887300252313
sift_100k,59_natural_source_order,71_cluster_block_order,128,0.05,10000,1130.17251147541,0.9654893928810708
sift_100k,59_natural_source_order,71_cluster_block_order,128,0.05,100000,905.6664314754098,0.5750496021439466
sift_100k,59_natural_source_order,71_cluster_block_order,128,0.05,1000000,883.2158234754098,0.5360056230702341
sift_100k,59_natural_source_order,71_cluster_block_order,128,0.05,10000000,880.9707626754098,0.5321012251628627
sift_100k,59_natural_source_order,71_cluster_block_order,128,0.01,1000,3607.29068852459,5.273459594303716
sift_100k,59_natural_source_order,71_cluster_block_order,128,0.01,10000,1362.22988852459,1.3690616869324739
sift_100k,59_natural_source_order,71_cluster_block_order,128,0.01,100000,1137.7238085245901,0.9786218961953499
sift_100k,59_natural_source_order,71_cluster_block_order,128,0.01,1000000,1115.27320052459,0.9395779171216374
sift_100k,59_natural_source_order,71_cluster_block_order,128,0.01,10000000,1113.0281397245901,0.9356735192142662
sift_100k,59_natural_source_order,71_natural_source_order,32,0.05,1000,1661.4726880733947,1.1514380260524022
sift_100k,59_natural_source_order,71_natural_source_order,32,0.05,10000,1061.0403880733945,0.3739393096648116
sift_100k,59_natural_source_order,71_natural_source_order,32,0.05,100000,1000.9971580733945,0.2961894380260526
sift_100k,59_natural_source_order,71_natural_source_order,32,0.05,1000000,994.9928350733945,0.28841445086217665
sift_100k,59_natural_source_order,71_natural_source_order,32,0.05,10000000,994.3924027733946,0.2876369521457891
sift_100k,59_natural_source_order,71_natural_source_order,64,0.05,1000,2275.9237956989246,1.9474104508268058
sift_100k,59_natural_source_order,71_natural_source_order,64,0.05,10000,1135.4068956989247,0.4703963975630985
sift_100k,59_natural_source_order,71_natural_source_order,64,0.05,100000,1021.3552056989247,0.3226949922367277
sift_100k,59_natural_source_order,71_natural_source_order,64,0.05,1000000,1009.9500366989247,0.30792485170409045
sift_100k,59_natural_source_order,71_natural_source_order,64,0.05,10000000,1008.8095197989247,0.30644783765082684
sift_100k,59_natural_source_order,71_natural_source_order,128,0.05,1000,3501.8903278688526,3.577732513286474
sift_100k,59_natural_source_order,71_natural_source_order,128,0.05,10000,1244.9513278688526,0.6274222312703586
sift_100k,59_natural_source_order,71_natural_source_order,128,0.05,100000,1019.2574278688525,0.3323912030687468
sift_100k,59_natural_source_order,71_natural_source_order,128,0.05,1000000,996.6880378688525,0.3028881002485857
sift_100k,59_natural_source_order,71_natural_source_order,128,0.05,10000000,994.4310988688525,0.2999377899665696
sift_100k,59_natural_source_order,71_natural_source_order,128,0.01,1000,3980.9395081967214,4.203954011657809
sift_100k,59_natural_source_order,71_natural_source_order,128,0.01,10000,1724.0005081967213,1.253643729641694
sift_100k,59_natural_source_order,71_natural_source_order,128,0.01,100000,1498.3066081967213,0.9586127014400823
sift_100k,59_natural_source_order,71_natural_source_order,128,0.01,1000000,1475.7372181967214,0.9291095986199214
sift_100k,59_natural_source_order,71_natural_source_order,128,0.01,10000000,1473.4802791967213,0.9261592883379051
sift_100k,71_cluster_block_order,43_cluster_block_order,32,0.05,1000,1307.2349357798166,1.2724368531011279
sift_100k,71_cluster_block_order,43_cluster_block_order,32,0.05,10000,710.7941357798165,0.2356117059789804
sift_100k,71_cluster_block_order,43_cluster_block_order,32,0.05,100000,651.1500557798165,0.1319291912667655
sift_100k,71_cluster_block_order,43_cluster_block_order,32,0.05,1000000,645.1856477798166,0.12156093979554417
sift_100k,71_cluster_block_order,43_cluster_block_order,32,0.05,10000000,644.5892069798165,0.12052411464842194
sift_100k,71_cluster_block_order,43_cluster_block_order,64,0.05,1000,1681.638688172043,1.9041419087676297
sift_100k,71_cluster_block_order,43_cluster_block_order,64,0.05,10000,554.941288172043,-0.041632270224599144
sift_100k,71_cluster_block_order,43_cluster_block_order,64,0.05,100000,442.271548172043,-0.23620968812382193
sift_100k,71_cluster_block_order,43_cluster_block_order,64,0.05,1000000,431.004574172043,-0.25566742991374425
sift_100k,71_cluster_block_order,43_cluster_block_order,64,0.05,10000000,429.877876772043,-0.25761320409273647
sift_100k,71_cluster_block_order,43_cluster_block_order,128,0.05,1000,3133.2680655737704,4.417728985075896
sift_100k,71_cluster_block_order,43_cluster_block_order,128,0.05,10000,899.9792655737705,0.5561527615970066
sift_100k,71_cluster_block_order,43_cluster_block_order,128,0.05,100000,676.6503855737704,0.1699951392491177
sift_100k,71_cluster_block_order,43_cluster_block_order,128,0.05,1000000,654.3174975737705,0.131379377014329
sift_100k,71_cluster_block_order,43_cluster_block_order,128,0.05,10000000,652.0842087737705,0.12751780079084996
sift_100k,71_cluster_block_order,43_cluster_block_order,128,0.01,1000,3319.6697049180325,4.740035772495996
sift_100k,71_cluster_block_order,43_cluster_block_order,128,0.01,10000,1086.380904918033,0.878459549017107
sift_100k,71_cluster_block_order,43_cluster_block_order,128,0.01,100000,863.0520249180328,0.4923019266692177
sift_100k,71_cluster_block_order,43_cluster_block_order,128,0.01,1000000,840.7191369180329,0.453686164434429
sift_100k,71_cluster_block_order,43_cluster_block_order,128,0.01,10000000,838.4858481180328,0.44982458821094995
sift_100k,71_cluster_block_order,43_natural_source_order,32,0.05,1000,1502.1625871559634,1.6159836077359984
sift_100k,71_cluster_block_order,43_natural_source_order,32,0.05,10000,906.2203871559634,0.5781631749227121
sift_100k,71_cluster_block_order,43_natural_source_order,32,0.05,100000,846.6261671559633,0.4743811316413833
sift_100k,71_cluster_block_order,43_natural_source_order,32,0.05,1000000,840.6667451559633,0.46400292731325044
sift_100k,71_cluster_block_order,43_natural_source_order,32,0.05,10000000,840.0708029559634,0.46296510688043724
sift_100k,71_cluster_block_order,43_natural_source_order,64,0.05,1000,2095.052430107527,2.6389760657421677
sift_100k,71_cluster_block_order,43_natural_source_order,64,0.05,10000,964.8036301075269,0.6758040360461317
sift_100k,71_cluster_block_order,43_natural_source_order,64,0.05,100000,851.7787501075269,0.47948683307652784
sift_100k,71_cluster_block_order,43_natural_source_order,64,0.05,1000000,840.476262107527,0.4598551127795678
sift_100k,71_cluster_block_order,43_natural_source_order,64,0.05,10000000,839.346013307527,0.4578919407498716
sift_100k,71_cluster_block_order,43_natural_source_order,128,0.05,1000,3333.0555901639345,4.840494980107149
sift_100k,71_cluster_block_order,43_natural_source_order,128,0.05,10000,1091.1276901639344,0.9119770506872729
sift_100k,71_cluster_block_order,43_natural_source_order,128,0.05,100000,866.9349001639345,0.5191252577452854
sift_100k,71_cluster_block_order,43_natural_source_order,128,0.05,1000000,844.5156211639345,0.47984007845108656
sift_100k,71_cluster_block_order,43_natural_source_order,128,0.05,10000000,842.2736932639344,0.4759115605216666
sift_100k,71_cluster_block_order,43_natural_source_order,128,0.01,1000,3333.0555901639345,4.840494980107149
sift_100k,71_cluster_block_order,43_natural_source_order,128,0.01,10000,1091.1276901639344,0.9119770506872729
sift_100k,71_cluster_block_order,43_natural_source_order,128,0.01,100000,866.9349001639345,0.5191252577452854
sift_100k,71_cluster_block_order,43_natural_source_order,128,0.01,1000000,844.5156211639345,0.47984007845108656
sift_100k,71_cluster_block_order,43_natural_source_order,128,0.01,10000000,842.2736932639344,0.4759115605216666
sift_100k,71_cluster_block_order,59_cluster_block_order,32,0.05,1000,1304.970633027523,1.2726507105937994
sift_100k,71_cluster_block_order,59_cluster_block_order,32,0.05,10000,711.950733027523,0.23988639925864996
sift_100k,71_cluster_block_order,59_cluster_block_order,32,0.05,100000,652.648743027523,0.13660996812513493
sift_100k,71_cluster_block_order,59_cluster_block_order,32,0.05,1000000,646.718544027523,0.1262823250117835
sift_100k,71_cluster_block_order,59_cluster_block_order,32,0.05,10000000,646.125524127523,0.12524956070044846
sift_100k,71_cluster_block_order,59_cluster_block_order,64,0.05,1000,1837.479,2.184123630468808
sift_100k,71_cluster_block_order,59_cluster_block_order,64,0.05,10000,712.4979,0.23467065476634108
sift_100k,71_cluster_block_order,59_cluster_block_order,64,0.05,100000,599.99979,0.03972535719609427
sift_100k,71_cluster_block_order,59_cluster_block_order,64,0.05,1000000,588.749979,0.0202308274390699
sift_100k,71_cluster_block_order,59_cluster_block_order,64,0.05,10000000,587.6249979,0.018281374463367417
sift_100k,71_cluster_block_order,59_cluster_block_order,128,0.05,1000,3131.305868852459,4.454847229163394
sift_100k,71_cluster_block_order,59_cluster_block_order,128,0.05,10000,897.525668852459,0.5635219339454258
sift_100k,71_cluster_block_order,59_cluster_block_order,128,0.05,100000,674.147648852459,0.17438940442362894
sift_100k,71_cluster_block_order,59_cluster_block_order,128,0.05,1000000,651.809846852459,0.1354761514714493
sift_100k,71_cluster_block_order,59_cluster_block_order,128,0.05,10000000,649.576066652459,0.13158482617623113
sift_100k,71_cluster_block_order,59_cluster_block_order,128,0.01,1000,3318.412426229508,4.780793568746163
sift_100k,71_cluster_block_order,59_cluster_block_order,128,0.01,10000,1084.6322262295082,0.889468273528194
sift_100k,71_cluster_block_order,59_cluster_block_order,128,0.01,100000,861.2542062295082,0.5003357440063971
sift_100k,71_cluster_block_order,59_cluster_block_order,128,0.01,1000000,838.9164042295082,0.4614224910542173
sift_100k,71_cluster_block_order,59_cluster_block_order,128,0.01,10000000,836.6826240295081,0.4575311657589993
sift_100k,71_cluster_block_order,59_natural_source_order,32,0.05,1000,1732.1953211009175,1.9940500939559
sift_100k,71_cluster_block_order,59_natural_source_order,32,0.05,10000,1133.4163211009175,0.9590777098546657
sift_100k,71_cluster_block_order,59_natural_source_order,32,0.05,100000,1073.5384211009175,0.8555804714445423
sift_100k,71_cluster_block_order,59_natural_source_order,32,0.05,1000000,1067.5506311009176,0.8452307476035301
sift_100k,71_cluster_block_order,59_natural_source_order,32,0.05,10000000,1066.9518521009174,0.8441957752194287
sift_100k,71_cluster_block_order,59_natural_source_order,64,0.05,1000,2100.797139784946,2.6237099535384067
sift_100k,71_cluster_block_order,59_natural_source_order,64,0.05,10000,965.6829397849461,0.6657271730763878
sift_100k,71_cluster_block_order,59_natural_source_order,64,0.05,100000,852.1715197849462,0.4699288950301861
sift_100k,71_cluster_block_order,59_natural_source_order,64,0.05,1000000,840.8203777849462,0.4503490672255659
sift_100k,71_cluster_block_order,59_natural_source_order,64,0.05,10000000,839.6852635849461,0.4483910844451038
sift_100k,71_cluster_block_order,59_natural_source_order,128,0.05,1000,3341.551262295082,4.8082471932524085
sift_100k,71_cluster_block_order,59_natural_source_order,128,0.05,10000,1093.164962295082,0.9001271641876105
sift_100k,71_cluster_block_order,59_natural_source_order,128,0.05,100000,868.326332295082,0.5093151612811309
sift_100k,71_cluster_block_order,59_natural_source_order,128,0.05,1000000,845.842469295082,0.47023396099048287
sift_100k,71_cluster_block_order,59_natural_source_order,128,0.05,10000000,843.594082995082,0.46632584096141794
sift_100k,71_cluster_block_order,59_natural_source_order,128,0.01,1000,3567.8709344262297,5.20163352709865
sift_100k,71_cluster_block_order,59_natural_source_order,128,0.01,10000,1319.4846344262296,1.2935134980338523
sift_100k,71_cluster_block_order,59_natural_source_order,128,0.01,100000,1094.6460044262296,0.9027014951273726
sift_100k,71_cluster_block_order,59_natural_source_order,128,0.01,1000000,1072.1621414262297,0.8636202948367246
sift_100k,71_cluster_block_order,59_natural_source_order,128,0.01,10000000,1069.9137551262297,0.8597121748076599
sift_100k,71_cluster_block_order,71_natural_source_order,32,0.05,1000,2068.036908256881,1.677897311007229
sift_100k,71_cluster_block_order,71_natural_source_order,32,0.05,10000,1467.6046082568807,0.9003985946196387
sift_100k,71_cluster_block_order,71_natural_source_order,32,0.05,100000,1407.5613782568807,0.8226487229808797
sift_100k,71_cluster_block_order,71_natural_source_order,32,0.05,1000000,1401.5570552568809,0.814873735817004
sift_100k,71_cluster_block_order,71_natural_source_order,32,0.05,10000000,1400.9566229568807,0.814096237100616
sift_100k,71_cluster_block_order,71_natural_source_order,64,0.05,1000,2662.5259462365593,2.4480753768494345
sift_100k,71_cluster_block_order,71_natural_source_order,64,0.05,10000,1522.009046236559,0.9710613235857266
sift_100k,71_cluster_block_order,71_natural_source_order,64,0.05,100000,1407.957356236559,0.8233599182593558
sift_100k,71_cluster_block_order,71_natural_source_order,64,0.05,1000000,1396.5521872365591,0.808589777726719
sift_100k,71_cluster_block_order,71_natural_source_order,64,0.05,10000000,1395.4116703365592,0.8071127636734554
sift_100k,71_cluster_block_order,71_natural_source_order,128,0.05,1000,3579.65262295082,3.6793847505571753
sift_100k,71_cluster_block_order,71_natural_source_order,128,0.05,10000,1322.7136229508196,0.7290744685410595
sift_100k,71_cluster_block_order,71_natural_source_order,128,0.05,100000,1097.0197229508196,0.434043440339448
sift_100k,71_cluster_block_order,71_natural_source_order,128,0.05,1000000,1074.4503329508198,0.4045403375192871
sift_100k,71_cluster_block_order,71_natural_source_order,128,0.05,10000000,1072.1933939508197,0.4015900272372708
sift_100k,71_cluster_block_order,71_natural_source_order,128,0.01,1000,3908.2837704918034,4.108977155837477
sift_100k,71_cluster_block_order,71_natural_source_order,128,0.01,10000,1651.3447704918033,1.1586668738213612
sift_100k,71_cluster_block_order,71_natural_source_order,128,0.01,100000,1425.6508704918033,0.8636358456197497
sift_100k,71_cluster_block_order,71_natural_source_order,128,0.01,1000000,1403.0814804918034,0.8341327427995888
sift_100k,71_cluster_block_order,71_natural_source_order,128,0.01,10000000,1400.8245414918033,0.8311824325175725
sift_100k,71_natural_source_order,43_cluster_block_order,32,0.05,1000,1936.0422752293578,2.3655264979347077
sift_100k,71_natural_source_order,43_cluster_block_order,32,0.05,10000,1339.6014752293577,1.3287013508125605
sift_100k,71_natural_source_order,43_cluster_block_order,32,0.05,100000,1279.9573952293579,1.2250188361003462
sift_100k,71_natural_source_order,43_cluster_block_order,32,0.05,1000000,1273.9929872293578,1.2146505846291245
sift_100k,71_natural_source_order,43_cluster_block_order,32,0.05,10000000,1273.3965464293578,1.2136137594820027
sift_100k,71_natural_source_order,43_cluster_block_order,64,0.05,1000,2252.192451612903,2.8894719367148545
sift_100k,71_natural_source_order,43_cluster_block_order,64,0.05,10000,1125.4950516129031,0.943697757722626
sift_100k,71_natural_source_order,43_cluster_block_order,64,0.05,100000,1012.8253116129032,0.7491203398234034
sift_100k,71_natural_source_order,43_cluster_block_order,64,0.05,1000000,1001.5583376129032,0.729662598033481
sift_100k,71_natural_source_order,43_cluster_block_order,64,0.05,10000000,1000.4316402129032,0.7277168238544889
sift_100k,71_natural_source_order,43_cluster_block_order,128,0.05,1000,3508.104131147541,5.065857448587667
sift_100k,71_natural_source_order,43_cluster_block_order,128,0.05,10000,1274.815331147541,1.2042812251087773
sift_100k,71_natural_source_order,43_cluster_block_order,128,0.05,100000,1051.486451147541,0.8181236027608882
sift_100k,71_natural_source_order,43_cluster_block_order,128,0.05,1000000,1029.153563147541,0.7795078405260996
sift_100k,71_natural_source_order,43_cluster_block_order,128,0.05,10000000,1026.920274347541,0.7756462643026205
sift_100k,71_natural_source_order,43_cluster_block_order,128,0.01,1000,3810.48937704918,5.58871131142197
sift_100k,71_natural_source_order,43_cluster_block_order,128,0.01,10000,1577.2005770491803,1.7271350879430813
sift_100k,71_natural_source_order,43_cluster_block_order,128,0.01,100000,1353.8716970491803,1.3409774655951923
sift_100k,71_natural_source_order,43_cluster_block_order,128,0.01,1000000,1331.5388090491804,1.3023617033604036
sift_100k,71_natural_source_order,43_cluster_block_order,128,0.01,10000000,1329.3055202491803,1.2985001271369248
sift_100k,71_natural_source_order,43_natural_source_order,32,0.05,1000,1652.823137614679,1.8783556929565988
sift_100k,71_natural_source_order,43_natural_source_order,32,0.05,10000,1056.880937614679,0.8405352601433125
sift_100k,71_natural_source_order,43_natural_source_order,32,0.05,100000,997.2867176146789,0.7367532168619837
sift_100k,71_natural_source_order,43_natural_source_order,32,0.05,1000000,991.3272956146789,0.7263750125338508
sift_100k,71_natural_source_order,43_natural_source_order,32,0.05,10000000,990.7313534146789,0.7253371921010376
sift_100k,71_natural_source_order,43_natural_source_order,64,0.05,1000,2039.4986666666668,2.5424826259513473
sift_100k,71_natural_source_order,43_natural_source_order,64,0.05,10000,909.2498666666667,0.5793105962553111
sift_100k,71_natural_source_order,43_natural_source_order,64,0.05,100000,796.2249866666666,0.3829933932857075
sift_100k,71_natural_source_order,43_natural_source_order,64,0.05,1000000,784.9224986666667,0.3633616729887472
sift_100k,71_natural_source_order,43_natural_source_order,64,0.05,10000000,783.7922498666667,0.36139850095905124
sift_100k,71_natural_source_order,43_natural_source_order,128,0.05,1000,3295.1047704918033,4.773993967510736
sift_100k,71_natural_source_order,43_natural_source_order,128,0.05,10000,1053.1768704918034,0.8454760380908608
sift_100k,71_natural_source_order,43_natural_source_order,128,0.05,100000,828.9840804918033,0.4526242451488731
sift_100k,71_natural_source_order,43_natural_source_order,128,0.05,1000000,806.5648014918033,0.4133390658546745
sift_100k,71_natural_source_order,43_natural_source_order,128,0.05,10000000,804.3228735918033,0.40941054792525455
sift_100k,71_natural_source_order,43_natural_source_order,128,0.01,1000,3520.30968852459,5.168619306838257
sift_100k,71_natural_source_order,43_natural_source_order,128,0.01,10000,1278.38178852459,1.2401013774183816
sift_100k,71_natural_source_order,43_natural_source_order,128,0.01,100000,1054.18899852459,0.8472495844763939
sift_100k,71_natural_source_order,43_natural_source_order,128,0.01,1000000,1031.76971952459,0.8079644051821953
sift_100k,71_natural_source_order,43_natural_source_order,128,0.01,10000000,1029.52779162459,0.8040358872527753
sift_100k,71_natural_source_order,59_cluster_block_order,32,0.05,1000,1932.5165045871559,2.365543174864392
sift_100k,71_natural_source_order,59_cluster_block_order,32,0.05,10000,1339.496604587156,1.332778863529243
sift_100k,71_natural_source_order,59_cluster_block_order,32,0.05,100000,1280.194614587156,1.2295024323957278
sift_100k,71_natural_source_order,59_cluster_block_order,32,0.05,1000000,1274.264415587156,1.2191747892823765
sift_100k,71_natural_source_order,59_cluster_block_order,32,0.05,10000000,1273.671395687156,1.2181420249710415
sift_100k,71_natural_source_order,59_cluster_block_order,64,0.05,1000,2249.5327634408604,2.8981617910114035
sift_100k,71_natural_source_order,59_cluster_block_order,64,0.05,10000,1124.5516634408602,0.9487088153089362
sift_100k,71_natural_source_order,59_cluster_block_order,64,0.05,100000,1012.0535534408601,0.7537635177386894
sift_100k,71_natural_source_order,59_cluster_block_order,64,0.05,1000000,1000.8037424408602,0.7342689879816648
sift_100k,71_natural_source_order,59_cluster_block_order,64,0.05,10000000,999.6787613408602,0.7323195350059624
sift_100k,71_natural_source_order,59_cluster_block_order,128,0.05,1000,3507.3386557377053,5.109909842502821
sift_100k,71_natural_source_order,59_cluster_block_order,128,0.05,10000,1273.558455737705,1.2185845472848515
sift_100k,71_natural_source_order,59_cluster_block_order,128,0.05,100000,1050.180435737705,0.8294520177630549
sift_100k,71_natural_source_order,59_cluster_block_order,128,0.05,1000000,1027.842633737705,0.790538764810875
sift_100k,71_natural_source_order,59_cluster_block_order,128,0.05,10000000,1025.608853537705,0.7866474395156573
sift_100k,71_natural_source_order,59_cluster_block_order,128,0.01,1000,3810.478,5.63798946211072
sift_100k,71_natural_source_order,59_cluster_block_order,128,0.01,10000,1576.6978,1.7466641668927507
sift_100k,71_natural_source_order,59_cluster_block_order,128,0.01,100000,1353.31978,1.357531637370954
sift_100k,71_natural_source_order,59_cluster_block_order,128,0.01,1000000,1330.981978,1.318618384418774
sift_100k,71_natural_source_order,59_cluster_block_order,128,0.01,10000000,1328.7481978,1.3147270591235563
sift_100k,71_natural_source_order,59_natural_source_order,32,0.05,1000,1466.4934862385321,1.5347920680605438
sift_100k,71_natural_source_order,59_natural_source_order,32,0.05,10000,867.7144862385321,0.49981968395930965
sift_100k,71_natural_source_order,59_natural_source_order,32,0.05,100000,807.836586238532,0.39632244554918605
sift_100k,71_natural_source_order,59_natural_source_order,32,0.05,1000000,801.848796238532,0.38597272170817365
sift_100k,71_natural_source_order,59_natural_source_order,32,0.05,10000000,801.2500172385321,0.38493774932407243
sift_100k,71_natural_source_order,59_natural_source_order,64,0.05,1000,1995.8562795698926,2.442695217516299
sift_100k,71_natural_source_order,59_natural_source_order,64,0.05,10000,860.7420795698924,0.48471243705427924
sift_100k,71_natural_source_order,59_natural_source_order,64,0.05,100000,747.2306595698925,0.2889141590080775
sift_100k,71_natural_source_order,59_natural_source_order,64,0.05,1000000,735.8795175698925,0.2693343312034573
sift_100k,71_natural_source_order,59_natural_source_order,64,0.05,10000000,734.7444033698924,0.2673763484229952
sift_100k,71_natural_source_order,59_natural_source_order,128,0.05,1000,3305.920114754098,4.7463135293782415
sift_100k,71_natural_source_order,59_natural_source_order,128,0.05,10000,1057.5338147540983,0.838193500313444
sift_100k,71_natural_source_order,59_natural_source_order,128,0.05,100000,832.6951847540984,0.4473814974069643
sift_100k,71_natural_source_order,59_natural_source_order,128,0.05,1000000,810.2113217540983,0.4083002971163163
sift_100k,71_natural_source_order,59_natural_source_order,128,0.05,10000000,807.9629354540983,0.4043921770872514
sift_100k,71_natural_source_order,59_natural_source_order,128,0.01,1000,3530.04306557377,5.13588154670314
sift_100k,71_natural_source_order,59_natural_source_order,128,0.01,10000,1281.6567655737704,1.2277615176383425
sift_100k,71_natural_source_order,59_natural_source_order,128,0.01,100000,1056.8181355737704,0.8369495147318631
sift_100k,71_natural_source_order,59_natural_source_order,128,0.01,1000000,1034.3342725737705,0.7978683144412151
sift_100k,71_natural_source_order,59_natural_source_order,128,0.01,10000000,1032.0858862737705,0.7939601944121504
sift_100k,71_natural_source_order,71_cluster_block_order,32,0.05,1000,1943.4254495412845,2.3684228151634654
sift_100k,71_natural_source_order,71_cluster_block_order,32,0.05,10000,1343.9480495412845,1.3293845789339782
sift_100k,71_natural_source_order,71_cluster_block_order,32,0.05,100000,1284.0003095412844,1.2254807553110294
sift_100k,71_natural_source_order,71_cluster_block_order,32,0.05,1000000,1278.0055355412844,1.2150903729487341
sift_100k,71_natural_source_order,71_cluster_block_order,32,0.05,10000000,1277.4060581412846,1.2140513347125053
sift_100k,71_natural_source_order,71_cluster_block_order,64,0.05,1000,2262.463268817204,2.9061938346436955
sift_100k,71_natural_source_order,71_cluster_block_order,64,0.05,10000,1128.5640688172043,0.9484913051953476
sift_100k,71_natural_source_order,71_cluster_block_order,64,0.05,100000,1015.1741488172044,0.7527210522505128
sift_100k,71_natural_source_order,71_cluster_block_order,64,0.05,1000000,1003.8351568172044,0.7331440269560294
sift_100k,71_natural_source_order,71_cluster_block_order,64,0.05,10000000,1002.7012576172043,0.7311863244265808
sift_100k,71_natural_source_order,71_cluster_block_order,128,0.05,1000,3522.6021639344262,5.126177303245855
sift_100k,71_natural_source_order,71_cluster_block_order,128,0.05,10000,1277.5413639344263,1.2217793958746133
sift_100k,71_natural_source_order,71_cluster_block_order,128,0.05,100000,1053.0352839344264,0.8313396051374893
sift_100k,71_natural_source_order,71_cluster_block_order,128,0.05,1000000,1030.5846759344263,0.7922956260637768
sift_100k,71_natural_source_order,71_cluster_block_order,128,0.05,10000000,1028.3396151344264,0.7883912281564056
sift_100k,71_natural_source_order,71_cluster_block_order,128,0.01,1000,3826.061180327869,5.653924591238899
sift_100k,71_natural_source_order,71_cluster_block_order,128,0.01,10000,1581.000380327869,1.749526683867657
sift_100k,71_natural_source_order,71_cluster_block_order,128,0.01,100000,1356.494300327869,1.359086893130533
sift_100k,71_natural_source_order,71_cluster_block_order,128,0.01,1000000,1334.043692327869,1.3200429140568204
sift_100k,71_natural_source_order,71_cluster_block_order,128,0.01,10000000,1331.798631527869,1.3161385161494494
